0 0.0025 2 0
0 0.0075 2 0
0 0.0125 2 0
0 0.0175 2 0
0 0.0225 2 0
0 0.0275 2 0
0 0.0325 2 0
0 0.0375 2 0
0 0.0425 2 0
0 0.0475 2 0
0 0.0525 2 0
0 0.0575 2 0
0 0.0625 2 0
0 0.0675 2 0
0 0.0725 2 0
0 0.0775 2 0
0 0.0825 2 0
0 0.0875 2 0
0 0.0925 2 0
0 0.0975 2 0
0 0.1025 2 0
0 0.1075 2 0
0 0.1125 2 0
0 0.1175 2 0
0 0.1225 2 0
0 0.1275 2 0
0 0.1325 2 0
0 0.1375 2 0
0 0.1425 2 0
0 0.1475 2 0
0 0.1525 2 0
0 0.1575 2 0
0 0.1625 2 0
0 0.1675 2 0
0 0.1725 2 0
0 0.1775 2 0
0 0.1825 2 0
0 0.1875 2 0
0 0.1925 2 0
0 0.1975 2 0
0 0.2025 2 0
0 0.2075 2 0
0 0.2125 2 0
0 0.2175 2 0
0 0.2225 2 0
0 0.2275 2 0
0 0.2325 2 0
0 0.2375 2 0
0 0.2425 2 0
0 0.2475 2 0
0 0.2525 2 0
0 0.2575 2 0
0 0.2625 2 0
0 0.2675 2 0
0 0.2725 2 0
0 0.2775 2 0
0 0.2825 2 0
0 0.2875 2 0
0 0.2925 2 0
0 0.2975 2 0
0 0.3025 2 0
0 0.3075 2 0
0 0.3125 2 0
0 0.3175 2 0
0 0.3225 2 0
0 0.3275 2 0
0 0.3325 2 0
0 0.3375 2 0
0 0.3425 2 0
0 0.3475 2 0
0 0.3525 2 0
0 0.3575 2 0
0 0.3625 2 0
0 0.3675 2 0
0 0.3725 2 0
0 0.3775 2 0
0 0.3825 2 0
0 0.3875 2 0
0 0.3925 2 0
0 0.3975 2 0
0 0.4025 2 0
0 0.4075 2 0
0 0.4125 2 0
0 0.4175 2 0
0 0.4225 2 0
0 0.4275 2 0
0 0.4325 2 0
0 0.4375 2 0
0 0.4425 2 0
0 0.4475 2 0
0 0.4525 2 0
0 0.4575 2 0
0 0.4625 2 0
0 0.4675 2 0
0 0.4725 2 0
0 0.4775 2 0
0 0.4825 2 0
0 0.4875 2 0
0 0.4925 2 0
0 0.4975 2 0
0 0.5025 0.5 0
0 0.5075 0.5 0
0 0.5125 0.5 0
0 0.5175 0.5 0
0 0.5225 0.5 0
0 0.5275 0.5 0
0 0.5325 0.5 0
0 0.5375 0.5 0
0 0.5425 0.5 0
0 0.5475 0.5 0
0 0.5525 0.5 0
0 0.5575 0.5 0
0 0.5625 0.5 0
0 0.5675 0.5 0
0 0.5725 0.5 0
0 0.5775 0.5 0
0 0.5825 0.5 0
0 0.5875 0.5 0
0 0.5925 0.5 0
0 0.5975 0.5 0
0 0.6025 0.5 0
0 0.6075 0.5 0
0 0.6125 0.5 0
0 0.6175 0.5 0
0 0.6225 0.5 0
0 0.6275 0.5 0
0 0.6325 0.5 0
0 0.6375 0.5 0
0 0.6425 0.5 0
0 0.6475 0.5 0
0 0.6525 0.5 0
0 0.6575 0.5 0
0 0.6625 0.5 0
0 0.6675 0.5 0
0 0.6725 0.5 0
0 0.6775 0.5 0
0 0.6825 0.5 0
0 0.6875 0.5 0
0 0.6925 0.5 0
0 0.6975 0.5 0
0 0.7025 0.5 0
0 0.7075 0.5 0
0 0.7125 0.5 0
0 0.7175 0.5 0
0 0.7225 0.5 0
0 0.7275 0.5 0
0 0.7325 0.5 0
0 0.7375 0.5 0
0 0.7425 0.5 0
0 0.7475 0.5 0
0 0.7525 0.5 0
0 0.7575 0.5 0
0 0.7625 0.5 0
0 0.7675 0.5 0
0 0.7725 0.5 0
0 0.7775 0.5 0
0 0.7825 0.5 0
0 0.7875 0.5 0
0 0.7925 0.5 0
0 0.7975 0.5 0
0 0.8025 0.5 0
0 0.8075 0.5 0
0 0.8125 0.5 0
0 0.8175 0.5 0
0 0.8225 0.5 0
0 0.8275 0.5 0
0 0.8325 0.5 0
0 0.8375 0.5 0
0 0.8425 0.5 0
0 0.8475 0.5 0
0 0.8525 0.5 0
0 0.8575 0.5 0
0 0.8625 0.5 0
0 0.8675 0.5 0
0 0.8725 0.5 0
0 0.8775 0.5 0
0 0.8825 0.5 0
0 0.8875 0.5 0
0 0.8925 0.5 0
0 0.8975 0.5 0
0 0.9025 0.5 0
0 0.9075 0.5 0
0 0.9125 0.5 0
0 0.9175 0.5 0
0 0.9225 0.5 0
0 0.9275 0.5 0
0 0.9325 0.5 0
0 0.9375 0.5 0
0 0.9425 0.5 0
0 0.9475 0.5 0
0 0.9525 0.5 0
0 0.9575 0.5 0
0 0.9625 0.5 0
0 0.9675 0.5 0
0 0.9725 0.5 0
0 0.9775 0.5 0
0 0.9825 0.5 0
0 0.9875 0.5 0
0 0.9925 0.5 0
0 0.9975 0.5 0

0.0209045 0.0025 2 0
0.0209045 0.0075 2 0
0.0209045 0.0125 2 0
0.0209045 0.0175 2 0
0.0209045 0.0225 2 0
0.0209045 0.0275 2 0
0.0209045 0.0325 2 0
0.0209045 0.0375 2 0
0.0209045 0.0425 2 0
0.0209045 0.0475 2 0
0.0209045 0.0525 2 0
0.0209045 0.0575 2 0
0.0209045 0.0625 2 0
0.0209045 0.0675 2 0
0.0209045 0.0725 2 0
0.0209045 0.0775 2 0
0.0209045 0.0825 2 0
0.0209045 0.0875 2 0
0.0209045 0.0925 2 0
0.0209045 0.0975 2 0
0.0209045 0.1025 2 0
0.0209045 0.1075 2 0
0.0209045 0.1125 2 0
0.0209045 0.1175 2 0
0.0209045 0.1225 2 0
0.0209045 0.1275 2 0
0.0209045 0.1325 2 0
0.0209045 0.1375 2 0
0.0209045 0.1425 2 0
0.0209045 0.1475 2 0
0.0209045 0.1525 2 0
0.0209045 0.1575 2 0
0.0209045 0.1625 2 0
0.0209045 0.1675 2 0
0.0209045 0.1725 2 0
0.0209045 0.1775 2 0
0.0209045 0.1825 2 0
0.0209045 0.1875 2 0
0.0209045 0.1925 2 0
0.0209045 0.1975 2 0
0.0209045 0.2025 2 0
0.0209045 0.2075 2 0
0.0209045 0.2125 2 0
0.0209045 0.2175 2 0
0.0209045 0.2225 2 0
0.0209045 0.2275 2 0
0.0209045 0.2325 2 0
0.0209045 0.2375 2 0
0.0209045 0.2425 2 0
0.0209045 0.2475 2 0
0.0209045 0.2525 2 0
0.0209045 0.2575 2 0
0.0209045 0.2625 2 0
0.0209045 0.2675 2 0
0.0209045 0.2725 2 5.77455e-16
0.0209045 0.2775 2 1.05388e-14
0.0209045 0.2825 2 1.35706e-13
0.0209045 0.2875 2 1.46779e-12
0.0209045 0.2925 2 1.35854e-11
0.0209045 0.2975 2 1.09181e-10
0.0209045 0.3025 2 7.7108e-10
0.0209045 0.3075 2 4.83124e-09
0.0209045 0.3125 2 2.70624e-08
0.0209045 0.3175 2 1.36387e-07
0.0209045 0.3225 2 6.2168e-07
0.0209045 0.3275 2 2.57434e-06
0.0209045 0.3325 2 9.7204e-06
0.0209045 0.3375 1.99998 3.35723e-05
0.0209045 0.3425 1.99995 0.000106342
0.0209045 0.3475 1.99986 0.000309621
0.0209045 0.3525 1.99963 0.000830203
0.0209045 0.3575 1.99907 0.00205348
0.0209045 0.3625 1.99788 0.00469268
0.0209045 0.3675 1.99552 0.00992375
0.0209045 0.3725 1.99122 0.0194571
0.0209045 0.3775 1.98401 0.0354566
0.0209045 0.3825 1.97285 0.0602497
0.0209045 0.3875 1.95686 0.0958753
0.0209045 0.3925 1.93551 0.143629
0.0209045 0.3975 1.90875 0.203804
0.0209045 0.4025 1.87698 0.275717
0.0209045 0.4075 1.84093 0.357983
0.0209045 0.4125 1.80147 0.448862
0.0209045 0.4175 1.75949 0.546561
0.0209045 0.4225 1.71579 0.649412
0.0209045 0.4275 1.67105 0.75595
0.0209045 0.4325 1.62586 0.864915
0.0209045 0.4375 1.58069 0.975224
0.0209045 0.4425 1.53596 1.08592
0.0209045 0.4475 1.49202 1.19613
0.0209045 0.4525 1.44918 1.30502
0.0209045 0.4575 1.40775 1.41178
0.0209045 0.4625 1.36802 1.51556
0.0209045 0.4675 1.33026 1.61548
0.0209045 0.4725 1.29477 1.71065
0.0209045 0.4775 1.26183 1.80009
0.0209045 0.4825 1.23169 1.88286
0.0209045 0.4875 1.20462 1.95804
0.0209045 0.4925 1.18078 2.02482
0.0209045 0.4975 1.16032 2.0826
0.0209045 0.5025 1.14323 2.13107
0.0209045 0.5075 1.12943 2.17028
0.0209045 0.5125 1.11869 2.20069
0.0209045 0.5175 1.11066 2.22313
0.0209045 0.5225 1.10492 2.23875
0.0209045 0.5275 1.101 2.24884
0.0209045 0.5325 1.09844 2.2547
0.0209045 0.5375 1.09683 2.25751
0.0209045 0.5425 1.09581 2.25822
0.0209045 0.5475 1.09509 2.25744
0.0209045 0.5525 1.09434 2.25531
0.0209045 0.5575 1.09308 2.25098
0.0209045 0.5625 1.0901 2.24125
0.0209045 0.5675 1.08236 2.21716
0.0209045 0.5725 1.0628 2.15713
0.0209045 0.5775 1.01795 2.01799
0.0209045 0.5825 0.930399 1.73519
0.0209045 0.5875 0.795153 1.26004
0.0209045 0.5925 0.646876 0.666529
0.0209045 0.5975 0.548244 0.221366
0.0209045 0.6025 0.511277 0.050603
0.0209045 0.6075 0.502245 0.0099731
0.0209045 0.6125 0.500421 0.00186654
0.0209045 0.6175 0.500076 0.000337843
0.0209045 0.6225 0.500013 5.90726e-05
0.0209045 0.6275 0.500002 9.92943e-06
0.0209045 0.6325 0.5 1.5958e-06
0.0209045 0.6375 0.5 2.4394e-07
0.0209045 0.6425 0.5 3.5295e-08
0.0209045 0.6475 0.5 4.81163e-09
0.0209045 0.6525 0.5 6.15403e-10
0.0209045 0.6575 0.5 7.35424e-11
0.0209045 0.6625 0.5 8.17868e-12
0.0209045 0.6675 0.5 8.43179e-13
0.0209045 0.6725 0.5 8.04157e-14
0.0209045 0.6775 0.5 6.96593e-15
0.0209045 0.6825 0.5 4.69195e-16
0.0209045 0.6875 0.5 0
0.0209045 0.6925 0.5 0
0.0209045 0.6975 0.5 0
0.0209045 0.7025 0.5 0
0.0209045 0.7075 0.5 0
0.0209045 0.7125 0.5 0
0.0209045 0.7175 0.5 0
0.0209045 0.7225 0.5 0
0.0209045 0.7275 0.5 0
0.0209045 0.7325 0.5 0
0.0209045 0.7375 0.5 0
0.0209045 0.7425 0.5 0
0.0209045 0.7475 0.5 0
0.0209045 0.7525 0.5 0
0.0209045 0.7575 0.5 0
0.0209045 0.7625 0.5 0
0.0209045 0.7675 0.5 0
0.0209045 0.7725 0.5 0
0.0209045 0.7775 0.5 0
0.0209045 0.7825 0.5 0
0.0209045 0.7875 0.5 0
0.0209045 0.7925 0.5 0
0.0209045 0.7975 0.5 0
0.0209045 0.8025 0.5 0
0.0209045 0.8075 0.5 0
0.0209045 0.8125 0.5 0
0.0209045 0.8175 0.5 0
0.0209045 0.8225 0.5 0
0.0209045 0.8275 0.5 0
0.0209045 0.8325 0.5 0
0.0209045 0.8375 0.5 0
0.0209045 0.8425 0.5 0
0.0209045 0.8475 0.5 0
0.0209045 0.8525 0.5 0
0.0209045 0.8575 0.5 0
0.0209045 0.8625 0.5 0
0.0209045 0.8675 0.5 0
0.0209045 0.8725 0.5 0
0.0209045 0.8775 0.5 0
0.0209045 0.8825 0.5 0
0.0209045 0.8875 0.5 0
0.0209045 0.8925 0.5 0
0.0209045 0.8975 0.5 0
0.0209045 0.9025 0.5 0
0.0209045 0.9075 0.5 0
0.0209045 0.9125 0.5 0
0.0209045 0.9175 0.5 0
0.0209045 0.9225 0.5 0
0.0209045 0.9275 0.5 0
0.0209045 0.9325 0.5 0
0.0209045 0.9375 0.5 0
0.0209045 0.9425 0.5 0
0.0209045 0.9475 0.5 0
0.0209045 0.9525 0.5 0
0.0209045 0.9575 0.5 0
0.0209045 0.9625 0.5 0
0.0209045 0.9675 0.5 0
0.0209045 0.9725 0.5 0
0.0209045 0.9775 0.5 0
0.0209045 0.9825 0.5 0
0.0209045 0.9875 0.5 0
0.0209045 0.9925 0.5 0
0.0209045 0.9975 0.5 0

0.0411884 0.0025 2 0
0.0411884 0.0075 2 0
0.0411884 0.0125 2 0
0.0411884 0.0175 2 0
0.0411884 0.0225 2 0
0.0411884 0.0275 2 0
0.0411884 0.0325 2 0
0.0411884 0.0375 2 0
0.0411884 0.0425 2 0
0.0411884 0.0475 2 0
0.0411884 0.0525 2 0
0.0411884 0.0575 2 0
0.0411884 0.0625 2 0
0.0411884 0.0675 2 0
0.0411884 0.0725 2 0
0.0411884 0.0775 2 0
0.0411884 0.0825 2 0
0.0411884 0.0875 2 0
0.0411884 0.0925 2 0
0.0411884 0.0975 2 0
0.0411884 0.1025 2 0
0.0411884 0.1075 2 0
0.0411884 0.1125 2 0
0.0411884 0.1175 2 0
0.0411884 0.1225 2 1.0079e-15
0.0411884 0.1275 2 5.75948e-15
0.0411884 0.1325 2 2.95174e-14
0.0411884 0.1375 2 1.42547e-13
0.0411884 0.1425 2 6.52264e-13
0.0411884 0.1475 2 2.84016e-12
0.0411884 0.1525 2 1.1791e-11
0.0411884 0.1575 2 4.67041e-11
0.0411884 0.1625 2 1.7667e-10
0.0411884 0.1675 2 6.38724e-10
0.0411884 0.1725 2 2.20859e-09
0.0411884 0.1775 2 7.30881e-09
0.0411884 0.1825 2 2.31615e-08
0.0411884 0.1875 2 7.03252e-08
0.0411884 0.1925 2 2.04687e-07
0.0411884 0.1975 2 5.71348e-07
0.0411884 0.2025 2 1.53008e-06
0.0411884 0.2075 2 3.9327e-06
0.0411884 0.2125 2 9.70442e-06
0.0411884 0.2175 1.99999 2.29972e-05
0.0411884 0.2225 1.99998 5.23497e-05
0.0411884 0.2275 1.99995 0.000114495
0.0411884 0.2325 1.99989 0.000240644
0.0411884 0.2375 1.99978 0.000486135
0.0411884 0.2425 1.99957 0.00094407
0.0411884 0.2475 1.9992 0.00176277
0.0411884 0.2525 1.99857 0.0031654
0.0411884 0.2575 1.99753 0.00546797
0.0411884 0.2625 1.9959 0.00909006
0.0411884 0.2675 1.99343 0.0145513
0.0411884 0.2725 1.98987 0.0224482
0.0411884 0.2775 1.98493 0.0334094
0.0411884 0.2825 1.97835 0.0480356
0.0411884 0.2875 1.96991 0.0668337
0.0411884 0.2925 1.95945 0.0901615
0.0411884 0.2975 1.94692 0.118195
0.0411884 0.3025 1.93233 0.150921
0.0411884 0.3075 1.9158 0.188162
0.0411884 0.3125 1.89747 0.229612
0.0411884 0.3175 1.87754 0.274882
0.0411884 0.3225 1.85624 0.323541
0.0411884 0.3275 1.83377 0.375152
0.0411884 0.3325 1.81033 0.429297
0.0411884 0.3375 1.78612 0.485585
0.0411884 0.3425 1.7613 0.543668
0.0411884 0.3475 1.73602 0.603232
0.0411884 0.3525 1.7104 0.664005
0.0411884 0.3575 1.68457 0.725745
0.0411884 0.3625 1.65861 0.788241
0.0411884 0.3675 1.63261 0.851305
0.0411884 0.3725 1.60664 0.914769
0.0411884 0.3775 1.58077 0.978479
0.0411884 0.3825 1.55506 1.04229
0.0411884 0.3875 1.52957 1.10608
0.0411884 0.3925 1.50434 1.16971
0.0411884 0.3975 1.47942 1.23305
0.0411884 0.4025 1.45487 1.29598
0.0411884 0.4075 1.43072 1.35836
0.0411884 0.4125 1.40703 1.42005
0.0411884 0.4175 1.38385 1.48091
0.0411884 0.4225 1.36122 1.54079
0.0411884 0.4275 1.3392 1.59951
0.0411884 0.4325 1.31785 1.65691
0.0411884 0.4375 1.29723 1.71278
0.0411884 0.4425 1.27739 1.76692
0.0411884 0.4475 1.25841 1.81912
0.0411884 0.4525 1.24035 1.86914
0.0411884 0.4575 1.22327 1.91677
0.0411884 0.4625 1.20724 1.96176
0.0411884 0.4675 1.19232 2.00389
0.0411884 0.4725 1.17857 2.04295
0.0411884 0.4775 1.16603 2.07876
0.0411884 0.4825 1.15473 2.11118
0.0411884 0.4875 1.14469 2.1401
0.0411884 0.4925 1.13589 2.1655
0.0411884 0.4975 1.12832 2.18743
0.0411884 0.5025 1.12191 2.20598
0.0411884 0.5075 1.11659 2.22136
0.0411884 0.5125 1.11227 2.23381
0.0411884 0.5175 1.10885 2.24363
0.0411884 0.5225 1.10619 2.25116
0.0411884 0.5275 1.10419 2.25674
0.0411884 0.5325 1.10271 2.26074
0.0411884 0.5375 1.10166 2.26347
0.0411884 0.5425 1.10093 2.26522
0.0411884 0.5475 1.10043 2.26624
0.0411884 0.5525 1.1001 2.26673
0.0411884 0.5575 1.09989 2.26686
0.0411884 0.5625 1.09975 2.26675
0.0411884 0.5675 1.09965 2.26648
0.0411884 0.5725 1.09958 2.26611
0.0411884 0.5775 1.09951 2.26568
0.0411884 0.5825 1.09944 2.26522
0.0411884 0.5875 1.09936 2.26474
0.0411884 0.5925 1.09927 2.26424
0.0411884 0.5975 1.09917 2.26372
0.0411884 0.6025 1.09905 2.26318
0.0411884 0.6075 1.09892 2.26263
0.0411884 0.6125 1.09877 2.26203
0.0411884 0.6175 1.09859 2.26139
0.0411884 0.6225 1.09838 2.26066
0.0411884 0.6275 1.0981 2.25975
0.0411884 0.6325 1.09767 2.25842
0.0411884 0.6375 1.09688 2.25601
0.0411884 0.6425 1.09516 2.25082
0.0411884 0.6475 1.09103 2.23839
0.0411884 0.6525 1.08084 2.20773
0.0411884 0.6575 1.05664 2.1342
0.0411884 0.6625 1.00428 1.97151
0.0411884 0.6675 0.907781 1.65637
0.0411884 0.6725 0.767812 1.15476
0.0411884 0.6775 0.625966 0.573956
0.0411884 0.6825 0.539648 0.181057
0.0411884 0.6875 0.509288 0.0415577
0.0411884 0.6925 0.501929 0.00856455
0.0411884 0.6975 0.500388 0.00172005
0.0411884 0.7025 0.500077 0.000342934
0.0411884 0.7075 0.500015 6.80849e-05
0.0411884 0.7125 0.500003 1.3456e-05
0.0411884 0.7175 0.500001 2.64413e-06
0.0411884 0.7225 0.5 5.15784e-07
0.0411884 0.7275 0.5 9.97002e-08
0.0411884 0.7325 0.5 1.90598e-08
0.0411884 0.7375 0.5 3.59612e-09
0.0411884 0.7425 0.5 6.6823e-10
0.0411884 0.7475 0.5 1.22031e-10
0.0411884 0.7525 0.5 2.18556e-11
0.0411884 0.7575 0.5 3.8313e-12
0.0411884 0.7625 0.5 6.56013e-13
0.0411884 0.7675 0.5 1.09503e-13
0.0411884 0.7725 0.5 1.78186e-14
0.0411884 0.7775 0.5 2.69977e-15
0.0411884 0.7825 0.5 2.87973e-16
0.0411884 0.7875 0.5 0
0.0411884 0.7925 0.5 0
0.0411884 0.7975 0.5 0
0.0411884 0.8025 0.5 0
0.0411884 0.8075 0.5 0
0.0411884 0.8125 0.5 0
0.0411884 0.8175 0.5 0
0.0411884 0.8225 0.5 0
0.0411884 0.8275 0.5 0
0.0411884 0.8325 0.5 0
0.0411884 0.8375 0.5 0
0.0411884 0.8425 0.5 0
0.0411884 0.8475 0.5 0
0.0411884 0.8525 0.5 0
0.0411884 0.8575 0.5 0
0.0411884 0.8625 0.5 0
0.0411884 0.8675 0.5 0
0.0411884 0.8725 0.5 0
0.0411884 0.8775 0.5 0
0.0411884 0.8825 0.5 0
0.0411884 0.8875 0.5 0
0.0411884 0.8925 0.5 0
0.0411884 0.8975 0.5 0
0.0411884 0.9025 0.5 0
0.0411884 0.9075 0.5 0
0.0411884 0.9125 0.5 0
0.0411884 0.9175 0.5 0
0.0411884 0.9225 0.5 0
0.0411884 0.9275 0.5 0
0.0411884 0.9325 0.5 0
0.0411884 0.9375 0.5 0
0.0411884 0.9425 0.5 0
0.0411884 0.9475 0.5 0
0.0411884 0.9525 0.5 0
0.0411884 0.9575 0.5 0
0.0411884 0.9625 0.5 0
0.0411884 0.9675 0.5 0
0.0411884 0.9725 0.5 0
0.0411884 0.9775 0.5 0
0.0411884 0.9825 0.5 0
0.0411884 0.9875 0.5 0
0.0411884 0.9925 0.5 0
0.0411884 0.9975 0.5 0

0.061442 0.0025 2 1.61121e-13
0.061442 0.0075 2 1.61121e-13
0.061442 0.0125 2 5.42202e-13
0.061442 0.0175 2 1.7696e-12
0.061442 0.0225 2 5.61206e-12
0.061442 0.0275 2 1.72971e-11
0.061442 0.0325 2 5.18154e-11
0.061442 0.0375 2 1.509e-10
0.061442 0.0425 2 4.27314e-10
0.061442 0.0475 2 1.17683e-09
0.061442 0.0525 2 3.15253e-09
0.061442 0.0575 2 8.21593e-09
0.061442 0.0625 2 2.08338e-08
0.061442 0.0675 2 5.14107e-08
0.061442 0.0725 2 1.23471e-07
0.061442 0.0775 2 2.88637e-07
0.061442 0.0825 2 6.56842e-07
0.061442 0.0875 2 1.45523e-06
0.061442 0.0925 2 3.13903e-06
0.061442 0.0975 2 6.5931e-06
0.061442 0.1025 1.99999 1.34846e-05
0.061442 0.1075 1.99999 2.68575e-05
0.061442 0.1125 1.99998 5.20944e-05
0.061442 0.1175 1.99996 9.84081e-05
0.061442 0.1225 1.99992 0.000181051
0.061442 0.1275 1.99985 0.000324422
0.061442 0.1325 1.99974 0.000566209
0.061442 0.1375 1.99957 0.000962535
0.061442 0.1425 1.99928 0.00159387
0.061442 0.1475 1.99884 0.00257113
0.061442 0.1525 1.99818 0.00404094
0.061442 0.1575 1.99721 0.00618888
0.061442 0.1625 1.99583 0.00923908
0.061442 0.1675 1.99393 0.0134491
0.061442 0.1725 1.99138 0.0190991
0.061442 0.1775 1.98806 0.0264768
0.061442 0.1825 1.98384 0.0358575
0.061442 0.1875 1.97861 0.0474849
0.061442 0.1925 1.97229 0.0615527
0.061442 0.1975 1.96482 0.0781923
0.061442 0.2025 1.9562 0.0974658
0.061442 0.2075 1.94641 0.119368
0.061442 0.2125 1.93551 0.143831
0.061442 0.2175 1.92356 0.170738
0.061442 0.2225 1.91063 0.199936
0.061442 0.2275 1.8968 0.231246
0.061442 0.2325 1.88218 0.264478
0.061442 0.2375 1.86686 0.299441
0.061442 0.2425 1.85093 0.335947
0.061442 0.2475 1.83447 0.373819
0.061442 0.2525 1.81756 0.412891
0.061442 0.2575 1.80027 0.453014
0.061442 0.2625 1.78268 0.494051
0.061442 0.2675 1.76483 0.53588
0.061442 0.2725 1.74678 0.578391
0.061442 0.2775 1.72857 0.621488
0.061442 0.2825 1.71024 0.665083
0.061442 0.2875 1.69184 0.7091
0.061442 0.2925 1.67338 0.753468
0.061442 0.2975 1.65491 0.798126
0.061442 0.3025 1.63643 0.843016
0.061442 0.3075 1.61799 0.888087
0.061442 0.3125 1.59959 0.933292
0.061442 0.3175 1.58126 0.978584
0.061442 0.3225 1.56301 1.02392
0.061442 0.3275 1.54486 1.06927
0.061442 0.3325 1.52683 1.11458
0.061442 0.3375 1.50893 1.15981
0.061442 0.3425 1.49118 1.20494
0.061442 0.3475 1.47359 1.24992
0.061442 0.3525 1.45617 1.2947
0.061442 0.3575 1.43894 1.33926
0.061442 0.3625 1.42192 1.38353
0.061442 0.3675 1.40512 1.42749
0.061442 0.3725 1.38856 1.47108
0.061442 0.3775 1.37225 1.51425
0.061442 0.3825 1.35621 1.55694
0.061442 0.3875 1.34046 1.59909
0.061442 0.3925 1.32503 1.64065
0.061442 0.3975 1.30993 1.68154
0.061442 0.4025 1.29519 1.72168
0.061442 0.4075 1.28082 1.76101
0.061442 0.4125 1.26686 1.79943
0.061442 0.4175 1.25334 1.83686
0.061442 0.4225 1.24027 1.8732
0.061442 0.4275 1.2277 1.90836
0.061442 0.4325 1.21564 1.94223
0.061442 0.4375 1.20414 1.97472
0.061442 0.4425 1.19321 2.00571
0.061442 0.4475 1.18289 2.03512
0.061442 0.4525 1.17319 2.06284
0.061442 0.4575 1.16415 2.08879
0.061442 0.4625 1.15579 2.1129
0.061442 0.4675 1.1481 2.13511
0.061442 0.4725 1.14111 2.15537
0.061442 0.4775 1.13481 2.17367
0.061442 0.4825 1.1292 2.19002
0.061442 0.4875 1.12424 2.20446
0.061442 0.4925 1.11993 2.21703
0.061442 0.4975 1.11623 2.22784
0.061442 0.5025 1.11308 2.23699
0.061442 0.5075 1.11046 2.24462
0.061442 0.5125 1.1083 2.25086
0.061442 0.5175 1.10656 2.25589
0.061442 0.5225 1.10517 2.25984
0.061442 0.5275 1.10409 2.2629
0.061442 0.5325 1.10326 2.26519
0.061442 0.5375 1.10263 2.26687
0.061442 0.5425 1.10217 2.26805
0.061442 0.5475 1.10184 2.26884
0.061442 0.5525 1.1016 2.26934
0.061442 0.5575 1.10144 2.26962
0.061442 0.5625 1.10132 2.26974
0.061442 0.5675 1.10125 2.26975
0.061442 0.5725 1.10119 2.26968
0.061442 0.5775 1.10115 2.26956
0.061442 0.5825 1.10112 2.2694
0.061442 0.5875 1.10109 2.26923
0.061442 0.5925 1.10107 2.26905
0.061442 0.5975 1.10104 2.26886
0.061442 0.6025 1.101 2.26867
0.061442 0.6075 1.10097 2.26848
0.061442 0.6125 1.10093 2.26828
0.061442 0.6175 1.10089 2.26809
0.061442 0.6225 1.10084 2.2679
0.061442 0.6275 1.10079 2.2677
0.061442 0.6325 1.10074 2.2675
0.061442 0.6375 1.10068 2.2673
0.061442 0.6425 1.10061 2.26709
0.061442 0.6475 1.10055 2.26687
0.061442 0.6525 1.10047 2.26665
0.061442 0.6575 1.1004 2.26642
0.061442 0.6625 1.10032 2.26618
0.061442 0.6675 1.10023 2.26593
0.061442 0.6725 1.10014 2.26567
0.061442 0.6775 1.10004 2.26539
0.061442 0.6825 1.09994 2.26509
0.061442 0.6875 1.09983 2.26478
0.061442 0.6925 1.09971 2.26444
0.061442 0.6975 1.09958 2.26407
0.061442 0.7025 1.09944 2.26365
0.061442 0.7075 1.09926 2.26314
0.061442 0.7125 1.09901 2.26241
0.061442 0.7175 1.09859 2.26117
0.061442 0.7225 1.09772 2.25861
0.061442 0.7275 1.09571 2.25261
0.061442 0.7325 1.09075 2.23777
0.061442 0.7375 1.07852 2.20097
0.061442 0.7425 1.04986 2.11371
0.061442 0.7475 0.989541 1.92501
0.061442 0.7525 0.88292 1.57172
0.061442 0.7575 0.737489 1.03768
0.061442 0.7625 0.603059 0.472111
0.061442 0.7675 0.530133 0.136999
0.061442 0.7725 0.50681 0.0303949
0.061442 0.7775 0.501403 0.00622254
0.061442 0.7825 0.500282 0.00125165
0.061442 0.7875 0.500057 0.000250865
0.061442 0.7925 0.500011 5.02405e-05
0.061442 0.7975 0.500002 1.00583e-05
0.061442 0.8025 0.5 2.01294e-06
0.061442 0.8075 0.5 4.02607e-07
0.061442 0.8125 0.5 8.04539e-08
0.061442 0.8175 0.5 1.60569e-08
0.061442 0.8225 0.5 3.19905e-09
0.061442 0.8275 0.5 6.35867e-10
0.061442 0.8325 0.5 1.26008e-10
0.061442 0.8375 0.5 2.48752e-11
0.061442 0.8425 0.5 4.88724e-12
0.061442 0.8475 0.5 9.54645e-13
0.061442 0.8525 0.5 1.85254e-13
0.061442 0.8575 0.5 3.56769e-14
0.061442 0.8625 0.5 6.76134e-15
0.061442 0.8675 0.5 1.15086e-15
0.061442 0.8725 0.5 1.07893e-16
0.061442 0.8775 0.5 0
0.061442 0.8825 0.5 0
0.061442 0.8875 0.5 0
0.061442 0.8925 0.5 0
0.061442 0.8975 0.5 0
0.061442 0.9025 0.5 0
0.061442 0.9075 0.5 0
0.061442 0.9125 0.5 0
0.061442 0.9175 0.5 0
0.061442 0.9225 0.5 0
0.061442 0.9275 0.5 0
0.061442 0.9325 0.5 0
0.061442 0.9375 0.5 0
0.061442 0.9425 0.5 0
0.061442 0.9475 0.5 0
0.061442 0.9525 0.5 0
0.061442 0.9575 0.5 0
0.061442 0.9625 0.5 0
0.061442 0.9675 0.5 0
0.061442 0.9725 0.5 0
0.061442 0.9775 0.5 0
0.061442 0.9825 0.5 0
0.061442 0.9875 0.5 0
0.061442 0.9925 0.5 0
0.061442 0.9975 0.5 0

0.0816828 0.0025 1.99997 6.1502e-05
0.0816828 0.0075 1.99997 6.1502e-05
0.0816828 0.0125 1.99995 0.000105858
0.0816828 0.0175 1.99992 0.000178624
0.0816828 0.0225 1.99987 0.000295484
0.0816828 0.0275 1.99978 0.000479192
0.0816828 0.0325 1.99966 0.000761851
0.0816828 0.0375 1.99946 0.00118748
0.0816828 0.0425 1.99918 0.00181465
0.0816828 0.0475 1.99877 0.00271895
0.0816828 0.0525 1.9982 0.00399473
0.0816828 0.0575 1.9974 0.0057559
0.0816828 0.0625 1.99633 0.00813503
0.0816828 0.0675 1.99491 0.0112806
0.0816828 0.0725 1.99307 0.0153524
0.0816828 0.0775 1.99075 0.0205144
0.0816828 0.0825 1.98786 0.0269273
0.0816828 0.0875 1.98434 0.0347396
0.0816828 0.0925 1.98014 0.0440793
0.0816828 0.0975 1.97521 0.0550476
0.0816828 0.1025 1.96953 0.0677138
0.0816828 0.1075 1.96307 0.0821133
0.0816828 0.1125 1.95585 0.0982481
0.0816828 0.1175 1.94789 0.11609
0.0816828 0.1225 1.9392 0.135583
0.0816828 0.1275 1.92983 0.156653
0.0816828 0.1325 1.91982 0.179207
0.0816828 0.1375 1.90923 0.203145
0.0816828 0.1425 1.8981 0.22836
0.0816828 0.1475 1.88649 0.254744
0.0816828 0.1525 1.87445 0.282193
0.0816828 0.1575 1.86203 0.310605
0.0816828 0.1625 1.84927 0.339884
0.0816828 0.1675 1.83621 0.36994
0.0816828 0.1725 1.8229 0.400692
0.0816828 0.1775 1.80937 0.432064
0.0816828 0.1825 1.79565 0.463988
0.0816828 0.1875 1.78177 0.496402
0.0816828 0.1925 1.76776 0.52925
0.0816828 0.1975 1.75364 0.562482
0.0816828 0.2025 1.73944 0.596052
0.0816828 0.2075 1.72516 0.62992
0.0816828 0.2125 1.71083 0.664048
0.0816828 0.2175 1.69647 0.698403
0.0816828 0.2225 1.68208 0.732956
0.0816828 0.2275 1.66769 0.767677
0.0816828 0.2325 1.65329 0.802542
0.0816828 0.2375 1.63891 0.837528
0.0816828 0.2425 1.62455 0.872613
0.0816828 0.2475 1.61021 0.907776
0.0816828 0.2525 1.59592 0.943
0.0816828 0.2575 1.58167 0.978265
0.0816828 0.2625 1.56747 1.01356
0.0816828 0.2675 1.55334 1.04885
0.0816828 0.2725 1.53926 1.08414
0.0816828 0.2775 1.52526 1.11941
0.0816828 0.2825 1.51134 1.15464
0.0816828 0.2875 1.4975 1.18981
0.0816828 0.2925 1.48376 1.22491
0.0816828 0.2975 1.47011 1.25992
0.0816828 0.3025 1.45656 1.29483
0.0816828 0.3075 1.44312 1.32961
0.0816828 0.3125 1.42979 1.36425
0.0816828 0.3175 1.41659 1.39874
0.0816828 0.3225 1.40351 1.43304
0.0816828 0.3275 1.39057 1.46715
0.0816828 0.3325 1.37777 1.50103
0.0816828 0.3375 1.36513 1.53466
0.0816828 0.3425 1.35264 1.56801
0.0816828 0.3475 1.34032 1.60107
0.0816828 0.3525 1.32818 1.63379
0.0816828 0.3575 1.31623 1.66615
0.0816828 0.3625 1.30448 1.69812
0.0816828 0.3675 1.29293 1.72965
0.0816828 0.3725 1.28161 1.76071
0.0816828 0.3775 1.27053 1.79125
0.0816828 0.3825 1.25969 1.82124
0.0816828 0.3875 1.24911 1.85062
0.0816828 0.3925 1.23882 1.87934
0.0816828 0.3975 1.22882 1.90736
0.0816828 0.4025 1.21912 1.93462
0.0816828 0.4075 1.20976 1.96107
0.0816828 0.4125 1.20073 1.98664
0.0816828 0.4175 1.19207 2.01129
0.0816828 0.4225 1.18378 2.03495
0.0816828 0.4275 1.17588 2.05756
0.0816828 0.4325 1.16839 2.07908
0.0816828 0.4375 1.16132 2.09946
0.0816828 0.4425 1.15468 2.11864
0.0816828 0.4475 1.14848 2.1366
0.0816828 0.4525 1.14273 2.1533
0.0816828 0.4575 1.13744 2.16872
0.0816828 0.4625 1.13259 2.18285
0.0816828 0.4675 1.12819 2.1957
0.0816828 0.4725 1.12423 2.20728
0.0816828 0.4775 1.1207 2.21763
0.0816828 0.4825 1.11757 2.22677
0.0816828 0.4875 1.11484 2.23477
0.0816828 0.4925 1.11248 2.2417
0.0816828 0.4975 1.11045 2.24762
0.0816828 0.5025 1.10873 2.25262
0.0816828 0.5075 1.1073 2.25679
0.0816828 0.5125 1.10611 2.26022
0.0816828 0.5175 1.10514 2.263
0.0816828 0.5225 1.10437 2.26522
0.0816828 0.5275 1.10375 2.26696
0.0816828 0.5325 1.10327 2.26829
0.0816828 0.5375 1.10289 2.26929
0.0816828 0.5425 1.10261 2.27003
0.0816828 0.5475 1.1024 2.27055
0.0816828 0.5525 1.10224 2.2709
0.0816828 0.5575 1.10213 2.27112
0.0816828 0.5625 1.10204 2.27125
0.0816828 0.5675 1.10199 2.2713
0.0816828 0.5725 1.10194 2.2713
0.0816828 0.5775 1.10191 2.27127
0.0816828 0.5825 1.10189 2.27121
0.0816828 0.5875 1.10187 2.27114
0.0816828 0.5925 1.10185 2.27105
0.0816828 0.5975 1.10183 2.27096
0.0816828 0.6025 1.10181 2.27087
0.0816828 0.6075 1.10179 2.27077
0.0816828 0.6125 1.10177 2.27068
0.0816828 0.6175 1.10175 2.27058
0.0816828 0.6225 1.10173 2.27049
0.0816828 0.6275 1.10171 2.2704
0.0816828 0.6325 1.10168 2.27031
0.0816828 0.6375 1.10165 2.27021
0.0816828 0.6425 1.10162 2.27012
0.0816828 0.6475 1.10159 2.27003
0.0816828 0.6525 1.10156 2.26993
0.0816828 0.6575 1.10152 2.26984
0.0816828 0.6625 1.10149 2.26974
0.0816828 0.6675 1.10145 2.26964
0.0816828 0.6725 1.10141 2.26954
0.0816828 0.6775 1.10137 2.26943
0.0816828 0.6825 1.10133 2.26933
0.0816828 0.6875 1.10129 2.26922
0.0816828 0.6925 1.10125 2.2691
0.0816828 0.6975 1.1012 2.26898
0.0816828 0.7025 1.10115 2.26886
0.0816828 0.7075 1.1011 2.26873
0.0816828 0.7125 1.10105 2.2686
0.0816828 0.7175 1.101 2.26846
0.0816828 0.7225 1.10094 2.26832
0.0816828 0.7275 1.10089 2.26817
0.0816828 0.7325 1.10083 2.26802
0.0816828 0.7375 1.10076 2.26785
0.0816828 0.7425 1.1007 2.26768
0.0816828 0.7475 1.10063 2.2675
0.0816828 0.7525 1.10056 2.26732
0.0816828 0.7575 1.10049 2.26712
0.0816828 0.7625 1.10041 2.26691
0.0816828 0.7675 1.10033 2.26669
0.0816828 0.7725 1.10025 2.26646
0.0816828 0.7775 1.10016 2.2662
0.0816828 0.7825 1.10006 2.26593
0.0816828 0.7875 1.09994 2.2656
0.0816828 0.7925 1.09979 2.26517
0.0816828 0.7975 1.09956 2.26451
0.0816828 0.8025 1.09912 2.26322
0.0816828 0.8075 1.09816 2.26035
0.0816828 0.8125 1.0958 2.25332
0.0816828 0.8175 1.0899 2.23565
0.0816828 0.8225 1.07535 2.19182
0.0816828 0.8275 1.04173 2.08912
0.0816828 0.8325 0.972946 1.87217
0.0816828 0.8375 0.856532 1.48008
0.0816828 0.8425 0.707772 0.919507
0.0816828 0.8475 0.583021 0.381357
0.0816828 0.8525 0.522671 0.102601
0.0816828 0.8575 0.504968 0.0221309
0.0816828 0.8625 0.501014 0.00449572
0.0816828 0.8675 0.500204 0.000901739
0.0816828 0.8725 0.500041 0.000180428
0.0816828 0.8775 0.500008 3.60895e-05
0.0816828 0.8825 0.500002 7.21919e-06
0.0816828 0.8875 0.5 1.44431e-06
0.0816828 0.8925 0.5 2.88999e-07
0.0816828 0.8975 0.5 5.78344e-08
0.0816828 0.9025 0.5 1.15748e-08
0.0816828 0.9075 0.5 2.31661e-09
0.0816828 0.9125 0.5 4.63633e-10
0.0816828 0.9175 0.5 9.27742e-11
0.0816828 0.9225 0.5 1.85587e-11
0.0816828 0.9275 0.5 3.71054e-12
0.0816828 0.9325 0.5 7.41316e-13
0.0816828 0.9375 0.5 1.47853e-13
0.0816828 0.9425 0.5 2.95491e-14
0.0816828 0.9475 0.5 5.93139e-15
0.0816828 0.9525 0.5 1.07843e-15
0.0816828 0.9575 0.5 1.07843e-16
0.0816828 0.9625 0.5 0
0.0816828 0.9675 0.5 0
0.0816828 0.9725 0.5 0
0.0816828 0.9775 0.5 0
0.0816828 0.9825 0.5 0
0.0816828 0.9875 0.5 0
0.0816828 0.9925 0.5 0
0.0816828 0.9975 0.5 0

0.101916 0.0025 1.97335 0.0591822
0.101916 0.0075 1.97335 0.0591822
0.101916 0.0125 1.96832 0.0704038
0.101916 0.0175 1.96269 0.0829719
0.101916 0.0225 1.95651 0.0967827
0.101916 0.0275 1.9498 0.111807
0.101916 0.0325 1.94258 0.128004
0.101916 0.0375 1.93487 0.145322
0.101916 0.0425 1.92671 0.163699
0.101916 0.0475 1.91812 0.183072
0.101916 0.0525 1.90915 0.203372
0.101916 0.0575 1.89981 0.224531
0.101916 0.0625 1.89015 0.246481
0.101916 0.0675 1.88019 0.269157
0.101916 0.0725 1.86997 0.292496
0.101916 0.0775 1.85951 0.316439
0.101916 0.0825 1.84885 0.340931
0.101916 0.0875 1.83799 0.36592
0.101916 0.0925 1.82698 0.391359
0.101916 0.0975 1.81582 0.417206
0.101916 0.1025 1.80454 0.44342
0.101916 0.1075 1.79314 0.469965
0.101916 0.1125 1.78166 0.496809
0.101916 0.1175 1.7701 0.523921
0.101916 0.1225 1.75847 0.551275
0.101916 0.1275 1.74679 0.578846
0.101916 0.1325 1.73507 0.606612
0.101916 0.1375 1.72331 0.634551
0.101916 0.1425 1.71152 0.662646
0.101916 0.1475 1.69972 0.690879
0.101916 0.1525 1.6879 0.719235
0.101916 0.1575 1.67608 0.747699
0.101916 0.1625 1.66426 0.776258
0.101916 0.1675 1.65245 0.8049
0.101916 0.1725 1.64066 0.833613
0.101916 0.1775 1.62887 0.862387
0.101916 0.1825 1.61711 0.891212
0.101916 0.1875 1.60538 0.920077
0.101916 0.1925 1.59367 0.948974
0.101916 0.1975 1.582 0.977895
0.101916 0.2025 1.57036 1.00683
0.101916 0.2075 1.55876 1.03577
0.101916 0.2125 1.54721 1.06471
0.101916 0.2175 1.5357 1.09365
0.101916 0.2225 1.52423 1.12256
0.101916 0.2275 1.51282 1.15146
0.101916 0.2325 1.50147 1.18032
0.101916 0.2375 1.49017 1.20914
0.101916 0.2425 1.47893 1.23791
0.101916 0.2475 1.46776 1.26663
0.101916 0.2525 1.45665 1.29528
0.101916 0.2575 1.44562 1.32386
0.101916 0.2625 1.43465 1.35235
0.101916 0.2675 1.42376 1.38076
0.101916 0.2725 1.41295 1.40906
0.101916 0.2775 1.40223 1.43725
0.101916 0.2825 1.39159 1.46532
0.101916 0.2875 1.38104 1.49325
0.101916 0.2925 1.37059 1.52104
0.101916 0.2975 1.36023 1.54867
0.101916 0.3025 1.34998 1.57612
0.101916 0.3075 1.33984 1.60338
0.101916 0.3125 1.32981 1.63043
0.101916 0.3175 1.3199 1.65726
0.101916 0.3225 1.31012 1.68385
0.101916 0.3275 1.30046 1.71018
0.101916 0.3325 1.29095 1.73623
0.101916 0.3375 1.28158 1.76197
0.101916 0.3425 1.27236 1.78739
0.101916 0.3475 1.2633 1.81246
0.101916 0.3525 1.25441 1.83714
0.101916 0.3575 1.2457 1.86142
0.101916 0.3625 1.23717 1.88526
0.101916 0.3675 1.22884 1.90863
0.101916 0.3725 1.22072 1.93151
0.101916 0.3775 1.21281 1.95384
0.101916 0.3825 1.20512 1.97561
0.101916 0.3875 1.19767 1.99678
0.101916 0.3925 1.19047 2.0173
0.101916 0.3975 1.18353 2.03715
0.101916 0.4025 1.17686 2.05628
0.101916 0.4075 1.17046 2.07466
0.101916 0.4125 1.16436 2.09226
0.101916 0.4175 1.15855 2.10905
0.101916 0.4225 1.15305 2.12498
0.101916 0.4275 1.14786 2.14005
0.101916 0.4325 1.14299 2.15422
0.101916 0.4375 1.13844 2.16748
0.101916 0.4425 1.13421 2.17982
0.101916 0.4475 1.13031 2.19123
0.101916 0.4525 1.12673 2.20171
0.101916 0.4575 1.12346 2.21128
0.101916 0.4625 1.1205 2.21995
0.101916 0.4675 1.11785 2.22775
0.101916 0.4725 1.11548 2.23471
0.101916 0.4775 1.11338 2.24086
0.101916 0.4825 1.11155 2.24625
0.101916 0.4875 1.10995 2.25093
0.101916 0.4925 1.10857 2.25496
0.101916 0.4975 1.1074 2.25839
0.101916 0.5025 1.10641 2.26128
0.101916 0.5075 1.10558 2.26369
0.101916 0.5125 1.10489 2.26567
0.101916 0.5175 1.10433 2.26728
0.101916 0.5225 1.10387 2.26857
0.101916 0.5275 1.1035 2.26959
0.101916 0.5325 1.10322 2.27038
0.101916 0.5375 1.10299 2.27099
0.101916 0.5425 1.10281 2.27144
0.101916 0.5475 1.10268 2.27177
0.101916 0.5525 1.10258 2.272
0.101916 0.5575 1.1025 2.27215
0.101916 0.5625 1.10244 2.27225
0.101916 0.5675 1.1024 2.2723
0.101916 0.5725 1.10237 2.27231
0.101916 0.5775 1.10234 2.27231
0.101916 0.5825 1.10232 2.27228
0.101916 0.5875 1.1023 2.27225
0.101916 0.5925 1.10229 2.27221
0.101916 0.5975 1.10228 2.27216
0.101916 0.6025 1.10226 2.27211
0.101916 0.6075 1.10225 2.27206
0.101916 0.6125 1.10224 2.272
0.101916 0.6175 1.10222 2.27195
0.101916 0.6225 1.10221 2.2719
0.101916 0.6275 1.10219 2.27185
0.101916 0.6325 1.10217 2.2718
0.101916 0.6375 1.10215 2.27175
0.101916 0.6425 1.10214 2.2717
0.101916 0.6475 1.10212 2.27165
0.101916 0.6525 1.1021 2.2716
0.101916 0.6575 1.10208 2.27155
0.101916 0.6625 1.10205 2.2715
0.101916 0.6675 1.10203 2.27145
0.101916 0.6725 1.10201 2.2714
0.101916 0.6775 1.10199 2.27134
0.101916 0.6825 1.10196 2.27129
0.101916 0.6875 1.10194 2.27123
0.101916 0.6925 1.10191 2.27118
0.101916 0.6975 1.10189 2.27112
0.101916 0.7025 1.10186 2.27106
0.101916 0.7075 1.10183 2.271
0.101916 0.7125 1.10181 2.27094
0.101916 0.7175 1.10178 2.27088
0.101916 0.7225 1.10175 2.27081
0.101916 0.7275 1.10172 2.27074
0.101916 0.7325 1.10169 2.27067
0.101916 0.7375 1.10166 2.2706
0.101916 0.7425 1.10162 2.27053
0.101916 0.7475 1.10159 2.27045
0.101916 0.7525 1.10156 2.27037
0.101916 0.7575 1.10152 2.27029
0.101916 0.7625 1.10149 2.2702
0.101916 0.7675 1.10145 2.27011
0.101916 0.7725 1.10141 2.27002
0.101916 0.7775 1.10138 2.26993
0.101916 0.7825 1.10134 2.26983
0.101916 0.7875 1.1013 2.26973
0.101916 0.7925 1.10126 2.26962
0.101916 0.7975 1.10121 2.26951
0.101916 0.8025 1.10117 2.2694
0.101916 0.8075 1.10112 2.26928
0.101916 0.8125 1.10108 2.26916
0.101916 0.8175 1.10103 2.26903
0.101916 0.8225 1.10098 2.2689
0.101916 0.8275 1.10092 2.26876
0.101916 0.8325 1.10087 2.26861
0.101916 0.8375 1.10081 2.26846
0.101916 0.8425 1.10075 2.2683
0.101916 0.8475 1.10069 2.26814
0.101916 0.8525 1.10063 2.26796
0.101916 0.8575 1.10056 2.26778
0.101916 0.8625 1.10049 2.26758
0.101916 0.8675 1.10041 2.26735
0.101916 0.8725 1.10031 2.26708
0.101916 0.8775 1.10018 2.2667
0.101916 0.8825 1.09995 2.26603
0.101916 0.8875 1.09948 2.26463
0.101916 0.8925 1.09836 2.26131
0.101916 0.8975 1.09558 2.25301
0.101916 0.9025 1.08856 2.23195
0.101916 0.9075 1.07133 2.17996
0.101916 0.9125 1.03221 2.05995
0.101916 0.9175 0.954563 1.81278
0.101916 0.9225 0.829088 1.38249
0.101916 0.9275 0.679514 0.80364
0.101916 0.9325 0.566135 0.303832
0.101916 0.9375 0.517013 0.0766662
0.101916 0.9425 0.50364 0.0161916
0.101916 0.9475 0.500738 0.00327011
0.101916 0.9525 0.500148 0.000654336
0.101916 0.9575 0.50003 0.0001307
0.101916 0.9625 0.500006 2.61008e-05
0.101916 0.9675 0.500001 5.21274e-06
0.101916 0.9725 0.5 1.04122e-06
0.101916 0.9775 0.5 2.08013e-07
0.101916 0.9825 0.5 4.15634e-08
0.101916 0.9875 0.5 8.3063e-09
0.101916 0.9925 0.5 1.66027e-09
0.101916 0.9975 0.5 1.66027e-09

0.122145 0.0025 1.83878 0.363911
0.122145 0.0075 1.83878 0.363911
0.122145 0.0125 1.83008 0.383992
0.122145 0.0175 1.82063 0.405898
0.122145 0.0225 1.81103 0.428181
0.122145 0.0275 1.80135 0.450712
0.122145 0.0325 1.79161 0.47346
0.122145 0.0375 1.7818 0.496405
0.122145 0.0425 1.77195 0.519531
0.122145 0.0475 1.76205 0.542819
0.122145 0.0525 1.75212 0.566257
0.122145 0.0575 1.74216 0.589829
0.122145 0.0625 1.73217 0.613524
0.122145 0.0675 1.72217 0.63733
0.122145 0.0725 1.71215 0.661237
0.122145 0.0775 1.70212 0.685234
0.122145 0.0825 1.69208 0.709313
0.122145 0.0875 1.68205 0.733465
0.122145 0.0925 1.67202 0.757683
0.122145 0.0975 1.66199 0.781959
0.122145 0.1025 1.65197 0.806288
0.122145 0.1075 1.64196 0.830661
0.122145 0.1125 1.63196 0.855074
0.122145 0.1175 1.62198 0.879522
0.122145 0.1225 1.61202 0.903998
0.122145 0.1275 1.60207 0.928497
0.122145 0.1325 1.59215 0.953016
0.122145 0.1375 1.58226 0.977548
0.122145 0.1425 1.57239 1.00209
0.122145 0.1475 1.56255 1.02664
0.122145 0.1525 1.55274 1.05119
0.122145 0.1575 1.54296 1.07573
0.122145 0.1625 1.53321 1.10027
0.122145 0.1675 1.5235 1.1248
0.122145 0.1725 1.51383 1.1493
0.122145 0.1775 1.50419 1.17379
0.122145 0.1825 1.4946 1.19826
0.122145 0.1875 1.48504 1.2227
0.122145 0.1925 1.47553 1.2471
0.122145 0.1975 1.46607 1.27146
0.122145 0.2025 1.45665 1.29579
0.122145 0.2075 1.44727 1.32006
0.122145 0.2125 1.43795 1.34429
0.122145 0.2175 1.42868 1.36845
0.122145 0.2225 1.41946 1.39255
0.122145 0.2275 1.4103 1.41658
0.122145 0.2325 1.4012 1.44054
0.122145 0.2375 1.39216 1.46442
0.122145 0.2425 1.38318 1.48821
0.122145 0.2475 1.37426 1.5119
0.122145 0.2525 1.36541 1.53549
0.122145 0.2575 1.35663 1.55897
0.122145 0.2625 1.34792 1.58232
0.122145 0.2675 1.33929 1.60555
0.122145 0.2725 1.33073 1.62865
0.122145 0.2775 1.32226 1.65159
0.122145 0.2825 1.31388 1.67438
0.122145 0.2875 1.30558 1.69699
0.122145 0.2925 1.29737 1.71942
0.122145 0.2975 1.28926 1.74166
0.122145 0.3025 1.28125 1.76368
0.122145 0.3075 1.27335 1.78548
0.122145 0.3125 1.26556 1.80705
0.122145 0.3175 1.25789 1.82835
0.122145 0.3225 1.25033 1.84938
0.122145 0.3275 1.24291 1.87012
0.122145 0.3325 1.23561 1.89055
0.122145 0.3375 1.22846 1.91064
0.122145 0.3425 1.22145 1.93038
0.122145 0.3475 1.2146 1.94975
0.122145 0.3525 1.2079 1.96871
0.122145 0.3575 1.20137 1.98726
0.122145 0.3625 1.19502 2.00535
0.122145 0.3675 1.18884 2.02298
0.122145 0.3725 1.18286 2.04011
0.122145 0.3775 1.17707 2.05672
0.122145 0.3825 1.17149 2.07278
0.122145 0.3875 1.16612 2.08826
0.122145 0.3925 1.16096 2.10316
0.122145 0.3975 1.15603 2.11743
0.122145 0.4025 1.15133 2.13107
0.122145 0.4075 1.14687 2.14404
0.122145 0.4125 1.14265 2.15634
0.122145 0.4175 1.13867 2.16795
0.122145 0.4225 1.13493 2.17887
0.122145 0.4275 1.13145 2.18907
0.122145 0.4325 1.1282 2.19857
0.122145 0.4375 1.12521 2.20736
0.122145 0.4425 1.12245 2.21545
0.122145 0.4475 1.11993 2.22286
0.122145 0.4525 1.11764 2.22959
0.122145 0.4575 1.11557 2.23567
0.122145 0.4625 1.11372 2.24113
0.122145 0.4675 1.11207 2.24599
0.122145 0.4725 1.1106 2.25029
0.122145 0.4775 1.10932 2.25406
0.122145 0.4825 1.1082 2.25734
0.122145 0.4875 1.10723 2.26017
0.122145 0.4925 1.10641 2.26259
0.122145 0.4975 1.1057 2.26464
0.122145 0.5025 1.10511 2.26637
0.122145 0.5075 1.10461 2.2678
0.122145 0.5125 1.1042 2.26898
0.122145 0.5175 1.10386 2.26994
0.122145 0.5225 1.10358 2.27072
0.122145 0.5275 1.10336 2.27133
0.122145 0.5325 1.10318 2.27181
0.122145 0.5375 1.10304 2.27218
0.122145 0.5425 1.10293 2.27245
0.122145 0.5475 1.10285 2.27266
0.122145 0.5525 1.10278 2.27281
0.122145 0.5575 1.10273 2.27291
0.122145 0.5625 1.10269 2.27297
0.122145 0.5675 1.10266 2.27301
0.122145 0.5725 1.10263 2.27303
0.122145 0.5775 1.10261 2.27303
0.122145 0.5825 1.1026 2.27302
0.122145 0.5875 1.10258 2.27301
0.122145 0.5925 1.10257 2.27298
0.122145 0.5975 1.10256 2.27296
0.122145 0.6025 1.10255 2.27293
0.122145 0.6075 1.10254 2.2729
0.122145 0.6125 1.10252 2.27287
0.122145 0.6175 1.10251 2.27284
0.122145 0.6225 1.1025 2.27281
0.122145 0.6275 1.10249 2.27278
0.122145 0.6325 1.10248 2.27275
0.122145 0.6375 1.10246 2.27272
0.122145 0.6425 1.10245 2.27269
0.122145 0.6475 1.10244 2.27267
0.122145 0.6525 1.10242 2.27264
0.122145 0.6575 1.10241 2.27261
0.122145 0.6625 1.10239 2.27258
0.122145 0.6675 1.10238 2.27255
0.122145 0.6725 1.10236 2.27252
0.122145 0.6775 1.10234 2.27249
0.122145 0.6825 1.10233 2.27246
0.122145 0.6875 1.10231 2.27243
0.122145 0.6925 1.10229 2.2724
0.122145 0.6975 1.10227 2.27237
0.122145 0.7025 1.10226 2.27233
0.122145 0.7075 1.10224 2.2723
0.122145 0.7125 1.10222 2.27227
0.122145 0.7175 1.1022 2.27223
0.122145 0.7225 1.10218 2.2722
0.122145 0.7275 1.10216 2.27216
0.122145 0.7325 1.10214 2.27212
0.122145 0.7375 1.10212 2.27208
0.122145 0.7425 1.1021 2.27204
0.122145 0.7475 1.10208 2.272
0.122145 0.7525 1.10206 2.27196
0.122145 0.7575 1.10204 2.27191
0.122145 0.7625 1.10202 2.27187
0.122145 0.7675 1.102 2.27182
0.122145 0.7725 1.10198 2.27177
0.122145 0.7775 1.10195 2.27173
0.122145 0.7825 1.10193 2.27168
0.122145 0.7875 1.10191 2.27162
0.122145 0.7925 1.10188 2.27157
0.122145 0.7975 1.10186 2.27152
0.122145 0.8025 1.10183 2.27146
0.122145 0.8075 1.10181 2.2714
0.122145 0.8125 1.10178 2.27134
0.122145 0.8175 1.10176 2.27128
0.122145 0.8225 1.10173 2.27121
0.122145 0.8275 1.1017 2.27115
0.122145 0.8325 1.10167 2.27108
0.122145 0.8375 1.10165 2.27101
0.122145 0.8425 1.10162 2.27094
0.122145 0.8475 1.10159 2.27086
0.122145 0.8525 1.10156 2.27079
0.122145 0.8575 1.10152 2.27071
0.122145 0.8625 1.10149 2.27062
0.122145 0.8675 1.10146 2.27054
0.122145 0.8725 1.10142 2.27045
0.122145 0.8775 1.10139 2.27036
0.122145 0.8825 1.10135 2.27027
0.122145 0.8875 1.10132 2.27017
0.122145 0.8925 1.10128 2.27007
0.122145 0.8975 1.10124 2.26997
0.122145 0.9025 1.1012 2.26986
0.122145 0.9075 1.10116 2.26975
0.122145 0.9125 1.10111 2.26963
0.122145 0.9175 1.10107 2.26951
0.122145 0.9225 1.10102 2.26938
0.122145 0.9275 1.10097 2.26925
0.122145 0.9325 1.10093 2.26912
0.122145 0.9375 1.10087 2.26897
0.122145 0.9425 1.10082 2.26882
0.122145 0.9475 1.10076 2.26866
0.122145 0.9525 1.10069 2.26849
0.122145 0.9575 1.10058 2.26832
0.122145 0.9625 1.10037 2.26817
0.122145 0.9675 1.09993 2.26808
0.122145 0.9725 1.09893 2.2679
0.122145 0.9775 1.09676 2.26661
0.122145 0.9825 1.09222 2.26054
0.122145 0.9875 1.08259 2.23987
0.122145 0.9925 1.06288 2.18591
0.122145 0.9975 1.06288 2.18591

0.14237 0.0025 1.70224 0.684626
0.14237 0.0075 1.70224 0.684626
0.14237 0.0125 1.69491 0.702217
0.14237 0.0175 1.6864 0.722677
0.14237 0.0225 1.67771 0.74363
0.14237 0.0275 1.669 0.764698
0.14237 0.0325 1.66028 0.785815
0.14237 0.0375 1.65158 0.80697
0.14237 0.0425 1.64288 0.828157
0.14237 0.0475 1.6342 0.849372
0.14237 0.0525 1.62552 0.870612
0.14237 0.0575 1.61687 0.891873
0.14237 0.0625 1.60822 0.913152
0.14237 0.0675 1.5996 0.934447
0.14237 0.0725 1.59099 0.955755
0.14237 0.0775 1.5824 0.977071
0.14237 0.0825 1.57383 0.998395
0.14237 0.0875 1.56529 1.01972
0.14237 0.0925 1.55676 1.04105
0.14237 0.0975 1.54826 1.06238
0.14237 0.1025 1.53978 1.08371
0.14237 0.1075 1.53133 1.10503
0.14237 0.1125 1.52291 1.12634
0.14237 0.1175 1.51451 1.14764
0.14237 0.1225 1.50614 1.16893
0.14237 0.1275 1.4978 1.1902
0.14237 0.1325 1.48949 1.21145
0.14237 0.1375 1.48121 1.23268
0.14237 0.1425 1.47296 1.25389
0.14237 0.1475 1.46475 1.27506
0.14237 0.1525 1.45657 1.29621
0.14237 0.1575 1.44842 1.31733
0.14237 0.1625 1.44031 1.33841
0.14237 0.1675 1.43224 1.35945
0.14237 0.1725 1.42421 1.38045
0.14237 0.1775 1.41622 1.4014
0.14237 0.1825 1.40826 1.4223
0.14237 0.1875 1.40035 1.44315
0.14237 0.1925 1.39248 1.46395
0.14237 0.1975 1.38466 1.48468
0.14237 0.2025 1.37689 1.50534
0.14237 0.2075 1.36916 1.52593
0.14237 0.2125 1.36148 1.54645
0.14237 0.2175 1.35385 1.56689
0.14237 0.2225 1.34627 1.58724
0.14237 0.2275 1.33875 1.6075
0.14237 0.2325 1.33129 1.62766
0.14237 0.2375 1.32388 1.64772
0.14237 0.2425 1.31654 1.66766
0.14237 0.2475 1.30926 1.68749
0.14237 0.2525 1.30205 1.70719
0.14237 0.2575 1.2949 1.72676
0.14237 0.2625 1.28783 1.74618
0.14237 0.2675 1.28083 1.76545
0.14237 0.2725 1.27391 1.78456
0.14237 0.2775 1.26707 1.8035
0.14237 0.2825 1.26031 1.82225
0.14237 0.2875 1.25364 1.84081
0.14237 0.2925 1.24706 1.85916
0.14237 0.2975 1.24058 1.87729
0.14237 0.3025 1.2342 1.89519
0.14237 0.3075 1.22792 1.91284
0.14237 0.3125 1.22175 1.93023
0.14237 0.3175 1.2157 1.94734
0.14237 0.3225 1.20976 1.96416
0.14237 0.3275 1.20394 1.98067
0.14237 0.3325 1.19826 1.99685
0.14237 0.3375 1.19271 2.01268
0.14237 0.3425 1.1873 2.02815
0.14237 0.3475 1.18203 2.04324
0.14237 0.3525 1.17692 2.05794
0.14237 0.3575 1.17196 2.07221
0.14237 0.3625 1.16716 2.08605
0.14237 0.3675 1.16253 2.09943
0.14237 0.3725 1.15807 2.11234
0.14237 0.3775 1.15379 2.12476
0.14237 0.3825 1.14969 2.13667
0.14237 0.3875 1.14577 2.14807
0.14237 0.3925 1.14205 2.15893
0.14237 0.3975 1.13851 2.16925
0.14237 0.4025 1.13517 2.17902
0.14237 0.4075 1.13202 2.18823
0.14237 0.4125 1.12908 2.19688
0.14237 0.4175 1.12632 2.20497
0.14237 0.4225 1.12376 2.21249
0.14237 0.4275 1.12139 2.21945
0.14237 0.4325 1.11921 2.22587
0.14237 0.4375 1.11721 2.23176
0.14237 0.4425 1.11539 2.23712
0.14237 0.4475 1.11374 2.24198
0.14237 0.4525 1.11225 2.24636
0.14237 0.4575 1.11092 2.25028
0.14237 0.4625 1.10974 2.25376
0.14237 0.4675 1.10869 2.25684
0.14237 0.4725 1.10777 2.25955
0.14237 0.4775 1.10697 2.2619
0.14237 0.4825 1.10627 2.26394
0.14237 0.4875 1.10567 2.26568
0.14237 0.4925 1.10516 2.26717
0.14237 0.4975 1.10473 2.26843
0.14237 0.5025 1.10436 2.26948
0.14237 0.5075 1.10406 2.27036
0.14237 0.5125 1.10381 2.27107
0.14237 0.5175 1.1036 2.27166
0.14237 0.5225 1.10343 2.27213
0.14237 0.5275 1.10329 2.2725
0.14237 0.5325 1.10318 2.2728
0.14237 0.5375 1.10309 2.27303
0.14237 0.5425 1.10302 2.2732
0.14237 0.5475 1.10296 2.27333
0.14237 0.5525 1.10292 2.27342
0.14237 0.5575 1.10288 2.27349
0.14237 0.5625 1.10285 2.27353
0.14237 0.5675 1.10283 2.27356
0.14237 0.5725 1.10281 2.27358
0.14237 0.5775 1.1028 2.27358
0.14237 0.5825 1.10278 2.27358
0.14237 0.5875 1.10277 2.27357
0.14237 0.5925 1.10276 2.27356
0.14237 0.5975 1.10275 2.27354
0.14237 0.6025 1.10274 2.27353
0.14237 0.6075 1.10273 2.27351
0.14237 0.6125 1.10272 2.2735
0.14237 0.6175 1.10271 2.27348
0.14237 0.6225 1.1027 2.27346
0.14237 0.6275 1.10269 2.27344
0.14237 0.6325 1.10268 2.27343
0.14237 0.6375 1.10267 2.27341
0.14237 0.6425 1.10266 2.27339
0.14237 0.6475 1.10265 2.27337
0.14237 0.6525 1.10264 2.27336
0.14237 0.6575 1.10263 2.27334
0.14237 0.6625 1.10261 2.27332
0.14237 0.6675 1.1026 2.27331
0.14237 0.6725 1.10259 2.27329
0.14237 0.6775 1.10258 2.27327
0.14237 0.6825 1.10256 2.27325
0.14237 0.6875 1.10255 2.27324
0.14237 0.6925 1.10254 2.27322
0.14237 0.6975 1.10253 2.2732
0.14237 0.7025 1.10251 2.27318
0.14237 0.7075 1.1025 2.27316
0.14237 0.7125 1.10249 2.27314
0.14237 0.7175 1.10247 2.27312
0.14237 0.7225 1.10246 2.2731
0.14237 0.7275 1.10244 2.27307
0.14237 0.7325 1.10243 2.27305
0.14237 0.7375 1.10242 2.27303
0.14237 0.7425 1.1024 2.273
0.14237 0.7475 1.10239 2.27298
0.14237 0.7525 1.10237 2.27295
0.14237 0.7575 1.10236 2.27293
0.14237 0.7625 1.10234 2.2729
0.14237 0.7675 1.10233 2.27287
0.14237 0.7725 1.10231 2.27285
0.14237 0.7775 1.1023 2.27282
0.14237 0.7825 1.10228 2.27279
0.14237 0.7875 1.10226 2.27276
0.14237 0.7925 1.10225 2.27273
0.14237 0.7975 1.10223 2.27269
0.14237 0.8025 1.10222 2.27266
0.14237 0.8075 1.1022 2.27263
0.14237 0.8125 1.10218 2.27259
0.14237 0.8175 1.10216 2.27256
0.14237 0.8225 1.10215 2.27252
0.14237 0.8275 1.10213 2.27248
0.14237 0.8325 1.10211 2.27244
0.14237 0.8375 1.10209 2.2724
0.14237 0.8425 1.10207 2.27236
0.14237 0.8475 1.10206 2.27232
0.14237 0.8525 1.10204 2.27228
0.14237 0.8575 1.10202 2.27224
0.14237 0.8625 1.102 2.27219
0.14237 0.8675 1.10198 2.27215
0.14237 0.8725 1.10196 2.2721
0.14237 0.8775 1.10193 2.27205
0.14237 0.8825 1.10191 2.27201
0.14237 0.8875 1.10188 2.27197
0.14237 0.8925 1.10185 2.27194
0.14237 0.8975 1.10182 2.27193
0.14237 0.9025 1.10177 2.27194
0.14237 0.9075 1.10171 2.27199
0.14237 0.9125 1.10164 2.27209
0.14237 0.9175 1.10153 2.27227
0.14237 0.9225 1.1014 2.27254
0.14237 0.9275 1.10122 2.27292
0.14237 0.9325 1.10101 2.27342
0.14237 0.9375 1.10074 2.27405
0.14237 0.9425 1.10044 2.27481
0.14237 0.9475 1.1001 2.27566
0.14237 0.9525 1.09974 2.27658
0.14237 0.9575 1.09937 2.27752
0.14237 0.9625 1.09902 2.27841
0.14237 0.9675 1.09869 2.27922
0.14237 0.9725 1.0984 2.2799
0.14237 0.9775 1.09817 2.28041
0.14237 0.9825 1.098 2.28074
0.14237 0.9875 1.09788 2.28091
0.14237 0.9925 1.0978 2.28093
0.14237 0.9975 1.0978 2.28093

0.16259 0.0025 1.59544 0.944635
0.16259 0.0075 1.59544 0.944635
0.16259 0.0125 1.5896 0.959104
0.16259 0.0175 1.58241 0.976944
0.16259 0.0225 1.57493 0.995563
0.16259 0.0275 1.56739 1.01436
0.16259 0.0325 1.55985 1.03321
0.16259 0.0375 1.55233 1.05206
0.16259 0.0425 1.54483 1.07091
0.16259 0.0475 1.53734 1.08976
0.16259 0.0525 1.52987 1.10861
0.16259 0.0575 1.52243 1.12745
0.16259 0.0625 1.515 1.14628
0.16259 0.0675 1.5076 1.1651
0.16259 0.0725 1.50022 1.18391
0.16259 0.0775 1.49286 1.20271
0.16259 0.0825 1.48552 1.22149
0.16259 0.0875 1.47821 1.24026
0.16259 0.0925 1.47093 1.25901
0.16259 0.0975 1.46367 1.27774
0.16259 0.1025 1.45644 1.29645
0.16259 0.1075 1.44923 1.31513
0.16259 0.1125 1.44205 1.33379
0.16259 0.1175 1.4349 1.35243
0.16259 0.1225 1.42778 1.37103
0.16259 0.1275 1.42068 1.3896
0.16259 0.1325 1.41362 1.40814
0.16259 0.1375 1.40659 1.42664
0.16259 0.1425 1.39959 1.4451
0.16259 0.1475 1.39263 1.46352
0.16259 0.1525 1.38569 1.4819
0.16259 0.1575 1.3788 1.50023
0.16259 0.1625 1.37194 1.51851
0.16259 0.1675 1.36511 1.53674
0.16259 0.1725 1.35833 1.55491
0.16259 0.1775 1.35158 1.57302
0.16259 0.1825 1.34487 1.59107
0.16259 0.1875 1.33821 1.60904
0.16259 0.1925 1.33159 1.62695
0.16259 0.1975 1.32501 1.64478
0.16259 0.2025 1.31848 1.66253
0.16259 0.2075 1.31199 1.6802
0.16259 0.2125 1.30556 1.69777
0.16259 0.2175 1.29918 1.71524
0.16259 0.2225 1.29284 1.73262
0.16259 0.2275 1.28657 1.74988
0.16259 0.2325 1.28035 1.76704
0.16259 0.2375 1.27419 1.78406
0.16259 0.2425 1.26809 1.80097
0.16259 0.2475 1.26205 1.81773
0.16259 0.2525 1.25608 1.83435
0.16259 0.2575 1.25018 1.85082
0.16259 0.2625 1.24435 1.86712
0.16259 0.2675 1.2386 1.88325
0.16259 0.2725 1.23292 1.89921
0.16259 0.2775 1.22732 1.91497
0.16259 0.2825 1.22181 1.93053
0.16259 0.2875 1.21638 1.94587
0.16259 0.2925 1.21105 1.961
0.16259 0.2975 1.2058 1.97588
0.16259 0.3025 1.20066 1.99052
0.16259 0.3075 1.19562 2.00489
0.16259 0.3125 1.19069 2.01899
0.16259 0.3175 1.18587 2.0328
0.16259 0.3225 1.18116 2.0463
0.16259 0.3275 1.17657 2.05949
0.16259 0.3325 1.17211 2.07235
0.16259 0.3375 1.16777 2.08486
0.16259 0.3425 1.16357 2.09702
0.16259 0.3475 1.1595 2.1088
0.16259 0.3525 1.15557 2.12019
0.16259 0.3575 1.15179 2.13119
0.16259 0.3625 1.14815 2.14178
0.16259 0.3675 1.14466 2.15194
0.16259 0.3725 1.14133 2.16167
0.16259 0.3775 1.13815 2.17095
0.16259 0.3825 1.13513 2.17979
0.16259 0.3875 1.13227 2.18817
0.16259 0.3925 1.12957 2.19609
0.16259 0.3975 1.12703 2.20356
0.16259 0.4025 1.12465 2.21055
0.16259 0.4075 1.12242 2.21709
0.16259 0.4125 1.12036 2.22318
0.16259 0.4175 1.11844 2.22881
0.16259 0.4225 1.11668 2.23401
0.16259 0.4275 1.11506 2.23878
0.16259 0.4325 1.11359 2.24313
0.16259 0.4375 1.11224 2.24708
0.16259 0.4425 1.11103 2.25066
0.16259 0.4475 1.10994 2.25387
0.16259 0.4525 1.10897 2.25674
0.16259 0.4575 1.1081 2.25928
0.16259 0.4625 1.10734 2.26153
0.16259 0.4675 1.10667 2.26351
0.16259 0.4725 1.10608 2.26523
0.16259 0.4775 1.10557 2.26672
0.16259 0.4825 1.10513 2.268
0.16259 0.4875 1.10476 2.26909
0.16259 0.4925 1.10444 2.27002
0.16259 0.4975 1.10416 2.2708
0.16259 0.5025 1.10394 2.27145
0.16259 0.5075 1.10375 2.27199
0.16259 0.5125 1.10359 2.27244
0.16259 0.5175 1.10346 2.2728
0.16259 0.5225 1.10335 2.27309
0.16259 0.5275 1.10326 2.27333
0.16259 0.5325 1.10319 2.27351
0.16259 0.5375 1.10313 2.27365
0.16259 0.5425 1.10309 2.27376
0.16259 0.5475 1.10305 2.27384
0.16259 0.5525 1.10302 2.27391
0.16259 0.5575 1.10299 2.27395
0.16259 0.5625 1.10297 2.27398
0.16259 0.5675 1.10295 2.274
0.16259 0.5725 1.10294 2.27401
0.16259 0.5775 1.10293 2.27401
0.16259 0.5825 1.10292 2.27401
0.16259 0.5875 1.10291 2.27401
0.16259 0.5925 1.1029 2.27401
0.16259 0.5975 1.10289 2.274
0.16259 0.6025 1.10288 2.27399
0.16259 0.6075 1.10287 2.27398
0.16259 0.6125 1.10286 2.27397
0.16259 0.6175 1.10285 2.27396
0.16259 0.6225 1.10285 2.27395
0.16259 0.6275 1.10284 2.27394
0.16259 0.6325 1.10283 2.27393
0.16259 0.6375 1.10282 2.27392
0.16259 0.6425 1.10281 2.27391
0.16259 0.6475 1.1028 2.2739
0.16259 0.6525 1.10279 2.2739
0.16259 0.6575 1.10278 2.27389
0.16259 0.6625 1.10277 2.27388
0.16259 0.6675 1.10276 2.27386
0.16259 0.6725 1.10275 2.27385
0.16259 0.6775 1.10274 2.27384
0.16259 0.6825 1.10273 2.27383
0.16259 0.6875 1.10272 2.27382
0.16259 0.6925 1.10271 2.27381
0.16259 0.6975 1.1027 2.2738
0.16259 0.7025 1.10269 2.27379
0.16259 0.7075 1.10268 2.27378
0.16259 0.7125 1.10267 2.27376
0.16259 0.7175 1.10266 2.27375
0.16259 0.7225 1.10265 2.27374
0.16259 0.7275 1.10264 2.27372
0.16259 0.7325 1.10262 2.27371
0.16259 0.7375 1.10261 2.27369
0.16259 0.7425 1.1026 2.27368
0.16259 0.7475 1.10259 2.27366
0.16259 0.7525 1.10258 2.27365
0.16259 0.7575 1.10257 2.27363
0.16259 0.7625 1.10256 2.27362
0.16259 0.7675 1.10255 2.2736
0.16259 0.7725 1.10253 2.27358
0.16259 0.7775 1.10252 2.27356
0.16259 0.7825 1.10251 2.27354
0.16259 0.7875 1.1025 2.27352
0.16259 0.7925 1.10249 2.27351
0.16259 0.7975 1.10248 2.27349
0.16259 0.8025 1.10246 2.27346
0.16259 0.8075 1.10245 2.27344
0.16259 0.8125 1.10244 2.27342
0.16259 0.8175 1.10243 2.2734
0.16259 0.8225 1.10241 2.27338
0.16259 0.8275 1.1024 2.27336
0.16259 0.8325 1.10238 2.27334
0.16259 0.8375 1.10237 2.27332
0.16259 0.8425 1.10235 2.27331
0.16259 0.8475 1.10233 2.27331
0.16259 0.8525 1.10231 2.27331
0.16259 0.8575 1.10228 2.27332
0.16259 0.8625 1.10225 2.27335
0.16259 0.8675 1.10221 2.2734
0.16259 0.8725 1.10216 2.27348
0.16259 0.8775 1.10209 2.2736
0.16259 0.8825 1.10202 2.27375
0.16259 0.8875 1.10192 2.27396
0.16259 0.8925 1.10181 2.27422
0.16259 0.8975 1.10168 2.27453
0.16259 0.9025 1.10153 2.27491
0.16259 0.9075 1.10135 2.27535
0.16259 0.9125 1.10116 2.27585
0.16259 0.9175 1.10094 2.2764
0.16259 0.9225 1.10072 2.27699
0.16259 0.9275 1.10048 2.27761
0.16259 0.9325 1.10024 2.27824
0.16259 0.9375 1.1 2.27887
0.16259 0.9425 1.09977 2.27946
0.16259 0.9475 1.09955 2.28002
0.16259 0.9525 1.09935 2.28053
0.16259 0.9575 1.09917 2.28097
0.16259 0.9625 1.09902 2.28133
0.16259 0.9675 1.09889 2.28161
0.16259 0.9725 1.09878 2.28183
0.16259 0.9775 1.0987 2.28196
0.16259 0.9825 1.09864 2.28204
0.16259 0.9875 1.0986 2.28206
0.16259 0.9925 1.09857 2.28203
0.16259 0.9975 1.09857 2.28203

0.182803 0.0025 1.51268 1.15221
0.182803 0.0075 1.51268 1.15221
0.182803 0.0125 1.50799 1.16415
0.182803 0.0175 1.50194 1.17957
0.182803 0.0225 1.4955 1.19601
0.182803 0.0275 1.48897 1.21274
0.182803 0.0325 1.48241 1.22954
0.182803 0.0375 1.47587 1.24635
0.182803 0.0425 1.46935 1.26315
0.182803 0.0475 1.46284 1.27995
0.182803 0.0525 1.45635 1.29672
0.182803 0.0575 1.44989 1.31348
0.182803 0.0625 1.44345 1.33022
0.182803 0.0675 1.43702 1.34694
0.182803 0.0725 1.43063 1.36364
0.182803 0.0775 1.42425 1.38032
0.182803 0.0825 1.4179 1.39697
0.182803 0.0875 1.41157 1.4136
0.182803 0.0925 1.40526 1.4302
0.182803 0.0975 1.39899 1.44677
0.182803 0.1025 1.39273 1.4633
0.182803 0.1075 1.38651 1.47981
0.182803 0.1125 1.38031 1.49628
0.182803 0.1175 1.37413 1.51271
0.182803 0.1225 1.36799 1.5291
0.182803 0.1275 1.36188 1.54545
0.182803 0.1325 1.35579 1.56176
0.182803 0.1375 1.34974 1.57802
0.182803 0.1425 1.34372 1.59423
0.182803 0.1475 1.33773 1.61039
0.182803 0.1525 1.33177 1.6265
0.182803 0.1575 1.32585 1.64255
0.182803 0.1625 1.31996 1.65853
0.182803 0.1675 1.31412 1.67446
0.182803 0.1725 1.3083 1.69031
0.182803 0.1775 1.30253 1.70609
0.182803 0.1825 1.2968 1.7218
0.182803 0.1875 1.29111 1.73743
0.182803 0.1925 1.28546 1.75297
0.182803 0.1975 1.27986 1.76842
0.182803 0.2025 1.2743 1.78378
0.182803 0.2075 1.2688 1.79904
0.182803 0.2125 1.26334 1.8142
0.182803 0.2175 1.25793 1.82925
0.182803 0.2225 1.25257 1.84418
0.182803 0.2275 1.24728 1.85898
0.182803 0.2325 1.24203 1.87366
0.182803 0.2375 1.23685 1.8882
0.182803 0.2425 1.23173 1.9026
0.182803 0.2475 1.22668 1.91685
0.182803 0.2525 1.22169 1.93094
0.182803 0.2575 1.21677 1.94486
0.182803 0.2625 1.21192 1.9586
0.182803 0.2675 1.20715 1.97216
0.182803 0.2725 1.20245 1.98552
0.182803 0.2775 1.19784 1.99868
0.182803 0.2825 1.19331 2.01162
0.182803 0.2875 1.18887 2.02434
0.182803 0.2925 1.18452 2.03683
0.182803 0.2975 1.18026 2.04907
0.182803 0.3025 1.1761 2.06105
0.182803 0.3075 1.17203 2.07276
0.182803 0.3125 1.16808 2.08419
0.182803 0.3175 1.16423 2.09534
0.182803 0.3225 1.16049 2.10618
0.182803 0.3275 1.15686 2.1167
0.182803 0.3325 1.15335 2.12691
0.182803 0.3375 1.14996 2.13678
0.182803 0.3425 1.1467 2.14631
0.182803 0.3475 1.14356 2.15549
0.182803 0.3525 1.14054 2.1643
0.182803 0.3575 1.13766 2.17275
0.182803 0.3625 1.1349 2.18082
0.182803 0.3675 1.13228 2.18851
0.182803 0.3725 1.1298 2.19582
0.182803 0.3775 1.12745 2.20274
0.182803 0.3825 1.12523 2.20927
0.182803 0.3875 1.12314 2.21542
0.182803 0.3925 1.12119 2.22118
0.182803 0.3975 1.11937 2.22656
0.182803 0.4025 1.11767 2.23156
0.182803 0.4075 1.1161 2.2362
0.182803 0.4125 1.11466 2.24047
0.182803 0.4175 1.11333 2.2444
0.182803 0.4225 1.11211 2.24799
0.182803 0.4275 1.11101 2.25125
0.182803 0.4325 1.11001 2.25421
0.182803 0.4375 1.10911 2.25688
0.182803 0.4425 1.1083 2.25926
0.182803 0.4475 1.10758 2.26139
0.182803 0.4525 1.10693 2.26328
0.182803 0.4575 1.10637 2.26495
0.182803 0.4625 1.10587 2.26641
0.182803 0.4675 1.10544 2.26769
0.182803 0.4725 1.10506 2.26879
0.182803 0.4775 1.10473 2.26974
0.182803 0.4825 1.10445 2.27056
0.182803 0.4875 1.10421 2.27125
0.182803 0.4925 1.10401 2.27184
0.182803 0.4975 1.10384 2.27233
0.182803 0.5025 1.10369 2.27274
0.182803 0.5075 1.10357 2.27308
0.182803 0.5125 1.10347 2.27336
0.182803 0.5175 1.10338 2.27359
0.182803 0.5225 1.10332 2.27377
0.182803 0.5275 1.10326 2.27392
0.182803 0.5325 1.10321 2.27404
0.182803 0.5375 1.10317 2.27413
0.182803 0.5425 1.10314 2.2742
0.182803 0.5475 1.10312 2.27425
0.182803 0.5525 1.10309 2.27429
0.182803 0.5575 1.10308 2.27432
0.182803 0.5625 1.10306 2.27434
0.182803 0.5675 1.10305 2.27436
0.182803 0.5725 1.10304 2.27436
0.182803 0.5775 1.10303 2.27437
0.182803 0.5825 1.10302 2.27437
0.182803 0.5875 1.10301 2.27437
0.182803 0.5925 1.103 2.27437
0.182803 0.5975 1.10299 2.27437
0.182803 0.6025 1.10298 2.27436
0.182803 0.6075 1.10298 2.27436
0.182803 0.6125 1.10297 2.27436
0.182803 0.6175 1.10296 2.27435
0.182803 0.6225 1.10295 2.27435
0.182803 0.6275 1.10294 2.27434
0.182803 0.6325 1.10294 2.27434
0.182803 0.6375 1.10293 2.27433
0.182803 0.6425 1.10292 2.27433
0.182803 0.6475 1.10291 2.27432
0.182803 0.6525 1.1029 2.27431
0.182803 0.6575 1.1029 2.27431
0.182803 0.6625 1.10289 2.2743
0.182803 0.6675 1.10288 2.2743
0.182803 0.6725 1.10287 2.27429
0.182803 0.6775 1.10286 2.27429
0.182803 0.6825 1.10285 2.27428
0.182803 0.6875 1.10285 2.27427
0.182803 0.6925 1.10284 2.27427
0.182803 0.6975 1.10283 2.27426
0.182803 0.7025 1.10282 2.27425
0.182803 0.7075 1.10281 2.27424
0.182803 0.7125 1.1028 2.27424
0.182803 0.7175 1.10279 2.27423
0.182803 0.7225 1.10278 2.27422
0.182803 0.7275 1.10278 2.27421
0.182803 0.7325 1.10277 2.2742
0.182803 0.7375 1.10276 2.27419
0.182803 0.7425 1.10275 2.27418
0.182803 0.7475 1.10274 2.27418
0.182803 0.7525 1.10273 2.27417
0.182803 0.7575 1.10272 2.27416
0.182803 0.7625 1.10271 2.27414
0.182803 0.7675 1.1027 2.27413
0.182803 0.7725 1.10269 2.27412
0.182803 0.7775 1.10268 2.27411
0.182803 0.7825 1.10267 2.2741
0.182803 0.7875 1.10266 2.2741
0.182803 0.7925 1.10265 2.27409
0.182803 0.7975 1.10264 2.27408
0.182803 0.8025 1.10263 2.27408
0.182803 0.8075 1.10261 2.27408
0.182803 0.8125 1.10259 2.27409
0.182803 0.8175 1.10257 2.27411
0.182803 0.8225 1.10255 2.27413
0.182803 0.8275 1.10252 2.27417
0.182803 0.8325 1.10249 2.27422
0.182803 0.8375 1.10245 2.2743
0.182803 0.8425 1.1024 2.27439
0.182803 0.8475 1.10235 2.27451
0.182803 0.8525 1.10228 2.27466
0.182803 0.8575 1.1022 2.27484
0.182803 0.8625 1.10211 2.27506
0.182803 0.8675 1.10201 2.27532
0.182803 0.8725 1.10189 2.27562
0.182803 0.8775 1.10176 2.27596
0.182803 0.8825 1.10162 2.27633
0.182803 0.8875 1.10146 2.27675
0.182803 0.8925 1.1013 2.27719
0.182803 0.8975 1.10112 2.27766
0.182803 0.9025 1.10094 2.27815
0.182803 0.9075 1.10075 2.27865
0.182803 0.9125 1.10056 2.27915
0.182803 0.9175 1.10038 2.27965
0.182803 0.9225 1.1002 2.28013
0.182803 0.9275 1.10003 2.28059
0.182803 0.9325 1.09986 2.28101
0.182803 0.9375 1.09971 2.28139
0.182803 0.9425 1.09958 2.28174
0.182803 0.9475 1.09946 2.28203
0.182803 0.9525 1.09935 2.28228
0.182803 0.9575 1.09926 2.28248
0.182803 0.9625 1.09919 2.28264
0.182803 0.9675 1.09913 2.28276
0.182803 0.9725 1.09908 2.28283
0.182803 0.9775 1.09904 2.28288
0.182803 0.9825 1.09901 2.2829
0.182803 0.9875 1.09899 2.28289
0.182803 0.9925 1.09897 2.28287
0.182803 0.9975 1.09897 2.28287

0.200182 0.0025 1.45565 1.29863
0.200182 0.0075 1.45565 1.29863
0.200182 0.0125 1.45172 1.30882
0.200182 0.0175 1.44647 1.32246
0.200182 0.0225 1.44078 1.33725
0.200182 0.0275 1.43497 1.35241
0.200182 0.0325 1.42912 1.36769
0.200182 0.0375 1.42327 1.38299
0.200182 0.0425 1.41744 1.39828
0.200182 0.0475 1.41162 1.41356
0.200182 0.0525 1.40583 1.42882
0.200182 0.0575 1.40005 1.44406
0.200182 0.0625 1.3943 1.45927
0.200182 0.0675 1.38857 1.47445
0.200182 0.0725 1.38286 1.48961
0.200182 0.0775 1.37717 1.50474
0.200182 0.0825 1.37151 1.51984
0.200182 0.0875 1.36586 1.53491
0.200182 0.0925 1.36025 1.54994
0.200182 0.0975 1.35466 1.56493
0.200182 0.1025 1.34909 1.57989
0.200182 0.1075 1.34355 1.59481
0.200182 0.1125 1.33804 1.60969
0.200182 0.1175 1.33255 1.62452
0.200182 0.1225 1.32709 1.63931
0.200182 0.1275 1.32166 1.65405
0.200182 0.1325 1.31626 1.66874
0.200182 0.1375 1.3109 1.68337
0.200182 0.1425 1.30556 1.69795
0.200182 0.1475 1.30025 1.71246
0.200182 0.1525 1.29498 1.72692
0.200182 0.1575 1.28975 1.74131
0.200182 0.1625 1.28455 1.75563
0.200182 0.1675 1.27938 1.76987
0.200182 0.1725 1.27426 1.78404
0.200182 0.1775 1.26917 1.79813
0.200182 0.1825 1.26413 1.81213
0.200182 0.1875 1.25913 1.82605
0.200182 0.1925 1.25417 1.83987
0.200182 0.1975 1.24925 1.85359
0.200182 0.2025 1.24438 1.86721
0.200182 0.2075 1.23957 1.88071
0.200182 0.2125 1.2348 1.89411
0.200182 0.2175 1.23008 1.90738
0.200182 0.2225 1.22542 1.92052
0.200182 0.2275 1.22081 1.93353
0.200182 0.2325 1.21627 1.9464
0.200182 0.2375 1.21178 1.95912
0.200182 0.2425 1.20735 1.97169
0.200182 0.2475 1.20299 1.9841
0.200182 0.2525 1.1987 1.99633
0.200182 0.2575 1.19448 2.00839
0.200182 0.2625 1.19033 2.02026
0.200182 0.2675 1.18626 2.03194
0.200182 0.2725 1.18226 2.04341
0.200182 0.2775 1.17834 2.05468
0.200182 0.2825 1.17451 2.06571
0.200182 0.2875 1.17076 2.07652
0.200182 0.2925 1.16711 2.08709
0.200182 0.2975 1.16354 2.09741
0.200182 0.3025 1.16007 2.10747
0.200182 0.3075 1.1567 2.11727
0.200182 0.3125 1.15343 2.12678
0.200182 0.3175 1.15026 2.13602
0.200182 0.3225 1.14719 2.14495
0.200182 0.3275 1.14423 2.15359
0.200182 0.3325 1.14138 2.16192
0.200182 0.3375 1.13865 2.16993
0.200182 0.3425 1.13602 2.17762
0.200182 0.3475 1.13352 2.18498
0.200182 0.3525 1.13112 2.19201
0.200182 0.3575 1.12885 2.19871
0.200182 0.3625 1.12669 2.20506
0.200182 0.3675 1.12464 2.21109
0.200182 0.3725 1.12272 2.21677
0.200182 0.3775 1.12091 2.22211
0.200182 0.3825 1.11921 2.22713
0.200182 0.3875 1.11763 2.23181
0.200182 0.3925 1.11615 2.23617
0.200182 0.3975 1.11479 2.24021
0.200182 0.4025 1.11353 2.24395
0.200182 0.4075 1.11237 2.24739
0.200182 0.4125 1.1113 2.25054
0.200182 0.4175 1.11034 2.25341
0.200182 0.4225 1.10946 2.25602
0.200182 0.4275 1.10866 2.25838
0.200182 0.4325 1.10795 2.2605
0.200182 0.4375 1.10731 2.2624
0.200182 0.4425 1.10673 2.2641
0.200182 0.4475 1.10623 2.2656
0.200182 0.4525 1.10578 2.26693
0.200182 0.4575 1.10539 2.2681
0.200182 0.4625 1.10504 2.26911
0.200182 0.4675 1.10474 2.27
0.200182 0.4725 1.10449 2.27076
0.200182 0.4775 1.10426 2.27142
0.200182 0.4825 1.10407 2.27198
0.200182 0.4875 1.10391 2.27246
0.200182 0.4925 1.10377 2.27286
0.200182 0.4975 1.10365 2.2732
0.200182 0.5025 1.10356 2.27348
0.200182 0.5075 1.10347 2.27371
0.200182 0.5125 1.10341 2.27391
0.200182 0.5175 1.10335 2.27406
0.200182 0.5225 1.1033 2.27419
0.200182 0.5275 1.10326 2.27429
0.200182 0.5325 1.10323 2.27438
0.200182 0.5375 1.1032 2.27444
0.200182 0.5425 1.10318 2.27449
0.200182 0.5475 1.10316 2.27453
0.200182 0.5525 1.10314 2.27456
0.200182 0.5575 1.10313 2.27458
0.200182 0.5625 1.10312 2.2746
0.200182 0.5675 1.10311 2.27461
0.200182 0.5725 1.1031 2.27462
0.200182 0.5775 1.10309 2.27463
0.200182 0.5825 1.10308 2.27463
0.200182 0.5875 1.10307 2.27463
0.200182 0.5925 1.10307 2.27463
0.200182 0.5975 1.10306 2.27463
0.200182 0.6025 1.10305 2.27463
0.200182 0.6075 1.10304 2.27463
0.200182 0.6125 1.10304 2.27463
0.200182 0.6175 1.10303 2.27463
0.200182 0.6225 1.10302 2.27463
0.200182 0.6275 1.10302 2.27462
0.200182 0.6325 1.10301 2.27462
0.200182 0.6375 1.103 2.27462
0.200182 0.6425 1.103 2.27462
0.200182 0.6475 1.10299 2.27461
0.200182 0.6525 1.10298 2.27461
0.200182 0.6575 1.10297 2.27461
0.200182 0.6625 1.10297 2.2746
0.200182 0.6675 1.10296 2.2746
0.200182 0.6725 1.10295 2.2746
0.200182 0.6775 1.10294 2.27459
0.200182 0.6825 1.10294 2.27459
0.200182 0.6875 1.10293 2.27459
0.200182 0.6925 1.10292 2.27458
0.200182 0.6975 1.10291 2.27458
0.200182 0.7025 1.10291 2.27457
0.200182 0.7075 1.1029 2.27457
0.200182 0.7125 1.10289 2.27456
0.200182 0.7175 1.10288 2.27456
0.200182 0.7225 1.10288 2.27455
0.200182 0.7275 1.10287 2.27455
0.200182 0.7325 1.10286 2.27454
0.200182 0.7375 1.10285 2.27454
0.200182 0.7425 1.10284 2.27453
0.200182 0.7475 1.10283 2.27453
0.200182 0.7525 1.10283 2.27453
0.200182 0.7575 1.10282 2.27452
0.200182 0.7625 1.10281 2.27452
0.200182 0.7675 1.1028 2.27452
0.200182 0.7725 1.10278 2.27453
0.200182 0.7775 1.10277 2.27454
0.200182 0.7825 1.10276 2.27455
0.200182 0.7875 1.10274 2.27457
0.200182 0.7925 1.10272 2.27459
0.200182 0.7975 1.1027 2.27463
0.200182 0.8025 1.10267 2.27468
0.200182 0.8075 1.10264 2.27474
0.200182 0.8125 1.1026 2.27482
0.200182 0.8175 1.10255 2.27492
0.200182 0.8225 1.1025 2.27503
0.200182 0.8275 1.10244 2.27518
0.200182 0.8325 1.10238 2.27534
0.200182 0.8375 1.1023 2.27554
0.200182 0.8425 1.10221 2.27576
0.200182 0.8475 1.10211 2.27602
0.200182 0.8525 1.10201 2.2763
0.200182 0.8575 1.10189 2.27662
0.200182 0.8625 1.10176 2.27696
0.200182 0.8675 1.10162 2.27733
0.200182 0.8725 1.10148 2.27772
0.200182 0.8775 1.10133 2.27813
0.200182 0.8825 1.10117 2.27856
0.200182 0.8875 1.10101 2.279
0.200182 0.8925 1.10085 2.27943
0.200182 0.8975 1.10069 2.27987
0.200182 0.9025 1.10053 2.2803
0.200182 0.9075 1.10038 2.28071
0.200182 0.9125 1.10023 2.2811
0.200182 0.9175 1.1001 2.28147
0.200182 0.9225 1.09997 2.28181
0.200182 0.9275 1.09985 2.28212
0.200182 0.9325 1.09974 2.28239
0.200182 0.9375 1.09965 2.28263
0.200182 0.9425 1.09956 2.28284
0.200182 0.9475 1.09949 2.283
0.200182 0.9525 1.09943 2.28314
0.200182 0.9575 1.09938 2.28325
0.200182 0.9625 1.09933 2.28333
0.200182 0.9675 1.0993 2.28338
0.200182 0.9725 1.09927 2.28342
0.200182 0.9775 1.09925 2.28343
0.200182 0.9825 1.09923 2.28343
0.200182 0.9875 1.09921 2.28342
0.200182 0.9925 1.0992 2.2834
0.200182 0.9975 1.0992 2.2834

