0 0.0025 2 0
0 0.0075 2 0
0 0.0125 2 0
0 0.0175 2 0
0 0.0225 2 0
0 0.0275 2 0
0 0.0325 2 0
0 0.0375 2 0
0 0.0425 2 0
0 0.0475 2 0
0 0.0525 2 0
0 0.0575 2 0
0 0.0625 2 0
0 0.0675 2 0
0 0.0725 2 0
0 0.0775 2 0
0 0.0825 2 0
0 0.0875 2 0
0 0.0925 2 0
0 0.0975 2 0
0 0.1025 2 0
0 0.1075 2 0
0 0.1125 2 0
0 0.1175 2 0
0 0.1225 2 0
0 0.1275 2 0
0 0.1325 2 0
0 0.1375 2 0
0 0.1425 2 0
0 0.1475 2 0
0 0.1525 2 0
0 0.1575 2 0
0 0.1625 2 0
0 0.1675 2 0
0 0.1725 2 0
0 0.1775 2 0
0 0.1825 2 0
0 0.1875 2 0
0 0.1925 2 0
0 0.1975 2 0
0 0.2025 2 0
0 0.2075 2 0
0 0.2125 2 0
0 0.2175 2 0
0 0.2225 2 0
0 0.2275 2 0
0 0.2325 2 0
0 0.2375 2 0
0 0.2425 2 0
0 0.2475 2 0
0 0.2525 2 0
0 0.2575 2 0
0 0.2625 2 0
0 0.2675 2 0
0 0.2725 2 0
0 0.2775 2 0
0 0.2825 2 0
0 0.2875 2 0
0 0.2925 2 0
0 0.2975 2 0
0 0.3025 2 0
0 0.3075 2 0
0 0.3125 2 0
0 0.3175 2 0
0 0.3225 2 0
0 0.3275 2 0
0 0.3325 2 0
0 0.3375 2 0
0 0.3425 2 0
0 0.3475 2 0
0 0.3525 2 0
0 0.3575 2 0
0 0.3625 2 0
0 0.3675 2 0
0 0.3725 2 0
0 0.3775 2 0
0 0.3825 2 0
0 0.3875 2 0
0 0.3925 2 0
0 0.3975 2 0
0 0.4025 2 0
0 0.4075 2 0
0 0.4125 2 0
0 0.4175 2 0
0 0.4225 2 0
0 0.4275 2 0
0 0.4325 2 0
0 0.4375 2 0
0 0.4425 2 0
0 0.4475 2 0
0 0.4525 2 0
0 0.4575 2 0
0 0.4625 2 0
0 0.4675 2 0
0 0.4725 2 0
0 0.4775 2 0
0 0.4825 2 0
0 0.4875 2 0
0 0.4925 2 0
0 0.4975 2 0
0 0.5025 0.5 0
0 0.5075 0.5 0
0 0.5125 0.5 0
0 0.5175 0.5 0
0 0.5225 0.5 0
0 0.5275 0.5 0
0 0.5325 0.5 0
0 0.5375 0.5 0
0 0.5425 0.5 0
0 0.5475 0.5 0
0 0.5525 0.5 0
0 0.5575 0.5 0
0 0.5625 0.5 0
0 0.5675 0.5 0
0 0.5725 0.5 0
0 0.5775 0.5 0
0 0.5825 0.5 0
0 0.5875 0.5 0
0 0.5925 0.5 0
0 0.5975 0.5 0
0 0.6025 0.5 0
0 0.6075 0.5 0
0 0.6125 0.5 0
0 0.6175 0.5 0
0 0.6225 0.5 0
0 0.6275 0.5 0
0 0.6325 0.5 0
0 0.6375 0.5 0
0 0.6425 0.5 0
0 0.6475 0.5 0
0 0.6525 0.5 0
0 0.6575 0.5 0
0 0.6625 0.5 0
0 0.6675 0.5 0
0 0.6725 0.5 0
0 0.6775 0.5 0
0 0.6825 0.5 0
0 0.6875 0.5 0
0 0.6925 0.5 0
0 0.6975 0.5 0
0 0.7025 0.5 0
0 0.7075 0.5 0
0 0.7125 0.5 0
0 0.7175 0.5 0
0 0.7225 0.5 0
0 0.7275 0.5 0
0 0.7325 0.5 0
0 0.7375 0.5 0
0 0.7425 0.5 0
0 0.7475 0.5 0
0 0.7525 0.5 0
0 0.7575 0.5 0
0 0.7625 0.5 0
0 0.7675 0.5 0
0 0.7725 0.5 0
0 0.7775 0.5 0
0 0.7825 0.5 0
0 0.7875 0.5 0
0 0.7925 0.5 0
0 0.7975 0.5 0
0 0.8025 0.5 0
0 0.8075 0.5 0
0 0.8125 0.5 0
0 0.8175 0.5 0
0 0.8225 0.5 0
0 0.8275 0.5 0
0 0.8325 0.5 0
0 0.8375 0.5 0
0 0.8425 0.5 0
0 0.8475 0.5 0
0 0.8525 0.5 0
0 0.8575 0.5 0
0 0.8625 0.5 0
0 0.8675 0.5 0
0 0.8725 0.5 0
0 0.8775 0.5 0
0 0.8825 0.5 0
0 0.8875 0.5 0
0 0.8925 0.5 0
0 0.8975 0.5 0
0 0.9025 0.5 0
0 0.9075 0.5 0
0 0.9125 0.5 0
0 0.9175 0.5 0
0 0.9225 0.5 0
0 0.9275 0.5 0
0 0.9325 0.5 0
0 0.9375 0.5 0
0 0.9425 0.5 0
0 0.9475 0.5 0
0 0.9525 0.5 0
0 0.9575 0.5 0
0 0.9625 0.5 0
0 0.9675 0.5 0
0 0.9725 0.5 0
0 0.9775 0.5 0
0 0.9825 0.5 0
0 0.9875 0.5 0
0 0.9925 0.5 0
0 0.9975 0.5 0

0.0209088 0.0025 2 0
0.0209088 0.0075 2 0
0.0209088 0.0125 2 0
0.0209088 0.0175 2 0
0.0209088 0.0225 2 0
0.0209088 0.0275 2 0
0.0209088 0.0325 2 0
0.0209088 0.0375 2 0
0.0209088 0.0425 2 0
0.0209088 0.0475 2 0
0.0209088 0.0525 2 0
0.0209088 0.0575 2 0
0.0209088 0.0625 2 0
0.0209088 0.0675 2 0
0.0209088 0.0725 2 0
0.0209088 0.0775 2 0
0.0209088 0.0825 2 0
0.0209088 0.0875 2 0
0.0209088 0.0925 2 0
0.0209088 0.0975 2 0
0.0209088 0.1025 2 0
0.0209088 0.1075 2 0
0.0209088 0.1125 2 0
0.0209088 0.1175 2 0
0.0209088 0.1225 2 0
0.0209088 0.1275 2 0
0.0209088 0.1325 2 0
0.0209088 0.1375 2 0
0.0209088 0.1425 2 0
0.0209088 0.1475 2 0
0.0209088 0.1525 2 0
0.0209088 0.1575 2 0
0.0209088 0.1625 2 0
0.0209088 0.1675 2 0
0.0209088 0.1725 2 0
0.0209088 0.1775 2 0
0.0209088 0.1825 2 0
0.0209088 0.1875 2 0
0.0209088 0.1925 2 0
0.0209088 0.1975 2 0
0.0209088 0.2025 2 0
0.0209088 0.2075 2 0
0.0209088 0.2125 2 0
0.0209088 0.2175 2 0
0.0209088 0.2225 2 0
0.0209088 0.2275 2 0
0.0209088 0.2325 2 0
0.0209088 0.2375 2 0
0.0209088 0.2425 2 0
0.0209088 0.2475 2 0
0.0209088 0.2525 2 0
0.0209088 0.2575 2 0
0.0209088 0.2625 2 0
0.0209088 0.2675 2 2.59832e-15
0.0209088 0.2725 2 4.27282e-14
0.0209088 0.2775 2 5.38725e-13
0.0209088 0.2825 2 5.54333e-12
0.0209088 0.2875 2 4.79526e-11
0.0209088 0.2925 2 3.55985e-10
0.0209088 0.2975 2 2.30322e-09
0.0209088 0.3025 2 1.31457e-08
0.0209088 0.3075 2 6.68344e-08
0.0209088 0.3125 2 3.05103e-07
0.0209088 0.3175 2 1.25894e-06
0.0209088 0.3225 2 4.72175e-06
0.0209088 0.3275 1.99999 1.6174e-05
0.0209088 0.3325 1.99998 5.08076e-05
0.0209088 0.3375 1.99993 0.000146891
0.0209088 0.3425 1.99982 0.000392085
0.0209088 0.3475 1.99956 0.000968975
0.0209088 0.3525 1.999 0.00222291
0.0209088 0.3575 1.99786 0.00474565
0.0209088 0.3625 1.99573 0.00945233
0.0209088 0.3675 1.99205 0.0176136
0.0209088 0.3725 1.9861 0.0308013
0.0209088 0.3775 1.97713 0.0507286
0.0209088 0.3825 1.96442 0.0790085
0.0209088 0.3875 1.94743 0.116897
0.0209088 0.3925 1.92591 0.165106
0.0209088 0.3975 1.89987 0.223734
0.0209088 0.4025 1.8696 0.292323
0.0209088 0.4075 1.83557 0.369994
0.0209088 0.4125 1.79839 0.455615
0.0209088 0.4175 1.75868 0.547945
0.0209088 0.4225 1.71705 0.645741
0.0209088 0.4275 1.67409 0.747816
0.0209088 0.4325 1.63032 0.85307
0.0209088 0.4375 1.58619 0.960485
0.0209088 0.4425 1.54214 1.06912
0.0209088 0.4475 1.49854 1.17806
0.0209088 0.4525 1.45574 1.28645
0.0209088 0.4575 1.41407 1.3934
0.0209088 0.4625 1.37387 1.49801
0.0209088 0.4675 1.33546 1.59932
0.0209088 0.4725 1.29916 1.69634
0.0209088 0.4775 1.26529 1.78801
0.0209088 0.4825 1.23417 1.87328
0.0209088 0.4875 1.20608 1.9511
0.0209088 0.4925 1.18126 2.02053
0.0209088 0.4975 1.15988 2.08083
0.0209088 0.5025 1.14199 2.13154
0.0209088 0.5075 1.12752 2.17262
0.0209088 0.5125 1.11625 2.20446
0.0209088 0.5175 1.10786 2.22789
0.0209088 0.5225 1.10189 2.24408
0.0209088 0.5275 1.09787 2.25438
0.0209088 0.5325 1.0953 2.26018
0.0209088 0.5375 1.09373 2.26273
0.0209088 0.5425 1.09279 2.26303
0.0209088 0.5475 1.09214 2.26171
0.0209088 0.5525 1.09138 2.2587
0.0209088 0.5575 1.08974 2.25238
0.0209088 0.5625 1.08523 2.23721
0.0209088 0.5675 1.07308 2.19894
0.0209088 0.5725 1.04414 2.10905
0.0209088 0.5775 0.986863 1.92775
0.0209088 0.5825 0.896492 1.62664
0.0209088 0.5875 0.785239 1.22353
0.0209088 0.5925 0.678593 0.796496
0.0209088 0.5975 0.597754 0.444538
0.0209088 0.6025 0.547747 0.21715
0.0209088 0.6075 0.521381 0.096424
0.0209088 0.6125 0.508981 0.0401772
0.0209088 0.6175 0.503589 0.0159735
0.0209088 0.6225 0.501373 0.0060936
0.0209088 0.6275 0.500503 0.00223059
0.0209088 0.6325 0.500176 0.000781726
0.0209088 0.6375 0.500059 0.000261475
0.0209088 0.6425 0.500019 8.31931e-05
0.0209088 0.6475 0.500006 2.50921e-05
0.0209088 0.6525 0.500002 7.14957e-06
0.0209088 0.6575 0.5 1.91774e-06
0.0209088 0.6625 0.5 4.82501e-07
0.0209088 0.6675 0.5 1.13438e-07
0.0209088 0.6725 0.5 2.48206e-08
0.0209088 0.6775 0.5 5.03223e-09
0.0209088 0.6825 0.5 9.40803e-10
0.0209088 0.6875 0.5 1.61314e-10
0.0209088 0.6925 0.5 2.52114e-11
0.0209088 0.6975 0.5 3.5658e-12
0.0209088 0.7025 0.5 4.52593e-13
0.0209088 0.7075 0.5 5.09935e-14
0.0209088 0.7125 0.5 5.0524e-15
0.0209088 0.7175 0.5 3.60878e-16
0.0209088 0.7225 0.5 0
0.0209088 0.7275 0.5 0
0.0209088 0.7325 0.5 0
0.0209088 0.7375 0.5 0
0.0209088 0.7425 0.5 0
0.0209088 0.7475 0.5 0
0.0209088 0.7525 0.5 0
0.0209088 0.7575 0.5 0
0.0209088 0.7625 0.5 0
0.0209088 0.7675 0.5 0
0.0209088 0.7725 0.5 0
0.0209088 0.7775 0.5 0
0.0209088 0.7825 0.5 0
0.0209088 0.7875 0.5 0
0.0209088 0.7925 0.5 0
0.0209088 0.7975 0.5 0
0.0209088 0.8025 0.5 0
0.0209088 0.8075 0.5 0
0.0209088 0.8125 0.5 0
0.0209088 0.8175 0.5 0
0.0209088 0.8225 0.5 0
0.0209088 0.8275 0.5 0
0.0209088 0.8325 0.5 0
0.0209088 0.8375 0.5 0
0.0209088 0.8425 0.5 0
0.0209088 0.8475 0.5 0
0.0209088 0.8525 0.5 0
0.0209088 0.8575 0.5 0
0.0209088 0.8625 0.5 0
0.0209088 0.8675 0.5 0
0.0209088 0.8725 0.5 0
0.0209088 0.8775 0.5 0
0.0209088 0.8825 0.5 0
0.0209088 0.8875 0.5 0
0.0209088 0.8925 0.5 0
0.0209088 0.8975 0.5 0
0.0209088 0.9025 0.5 0
0.0209088 0.9075 0.5 0
0.0209088 0.9125 0.5 0
0.0209088 0.9175 0.5 0
0.0209088 0.9225 0.5 0
0.0209088 0.9275 0.5 0
0.0209088 0.9325 0.5 0
0.0209088 0.9375 0.5 0
0.0209088 0.9425 0.5 0
0.0209088 0.9475 0.5 0
0.0209088 0.9525 0.5 0
0.0209088 0.9575 0.5 0
0.0209088 0.9625 0.5 0
0.0209088 0.9675 0.5 0
0.0209088 0.9725 0.5 0
0.0209088 0.9775 0.5 0
0.0209088 0.9825 0.5 0
0.0209088 0.9875 0.5 0
0.0209088 0.9925 0.5 0
0.0209088 0.9975 0.5 0

0.0411903 0.0025 2 0
0.0411903 0.0075 2 0
0.0411903 0.0125 2 0
0.0411903 0.0175 2 0
0.0411903 0.0225 2 0
0.0411903 0.0275 2 0
0.0411903 0.0325 2 0
0.0411903 0.0375 2 0
0.0411903 0.0425 2 0
0.0411903 0.0475 2 0
0.0411903 0.0525 2 0
0.0411903 0.0575 2 0
0.0411903 0.0625 2 0
0.0411903 0.0675 2 0
0.0411903 0.0725 2 0
0.0411903 0.0775 2 0
0.0411903 0.0825 2 0
0.0411903 0.0875 2 0
0.0411903 0.0925 2 0
0.0411903 0.0975 2 0
0.0411903 0.1025 2 2.87934e-16
0.0411903 0.1075 2 2.15954e-15
0.0411903 0.1125 2 1.03658e-14
0.0411903 0.1175 2 4.93815e-14
0.0411903 0.1225 2 2.25169e-13
0.0411903 0.1275 2 9.68341e-13
0.0411903 0.1325 2 3.96019e-12
0.0411903 0.1375 2 1.543e-11
0.0411903 0.1425 2 5.73469e-11
0.0411903 0.1475 2 2.03542e-10
0.0411903 0.1525 2 6.90675e-10
0.0411903 0.1575 2 2.24289e-09
0.0411903 0.1625 2 6.97697e-09
0.0411903 0.1675 2 2.08082e-08
0.0411903 0.1725 2 5.95482e-08
0.0411903 0.1775 2 1.63645e-07
0.0411903 0.1825 2 4.32162e-07
0.0411903 0.1875 2 1.09748e-06
0.0411903 0.1925 2 2.68179e-06
0.0411903 0.1975 2 6.30943e-06
0.0411903 0.2025 1.99999 1.43e-05
0.0411903 0.2075 1.99999 3.12384e-05
0.0411903 0.2125 1.99997 6.58063e-05
0.0411903 0.2175 1.99994 0.000133745
0.0411903 0.2225 1.99988 0.000262372
0.0411903 0.2275 1.99978 0.00049703
0.0411903 0.2325 1.99959 0.000909628
0.0411903 0.2375 1.99927 0.00160901
0.0411903 0.2425 1.99876 0.0027522
0.0411903 0.2475 1.99794 0.00455469
0.0411903 0.2525 1.99671 0.00729725
0.0411903 0.2575 1.99489 0.0113263
0.0411903 0.2625 1.99231 0.0170454
0.0411903 0.2675 1.98877 0.0248967
0.0411903 0.2725 1.98407 0.0353331
0.0411903 0.2775 1.97801 0.0487855
0.0411903 0.2825 1.97045 0.0656285
0.0411903 0.2875 1.96124 0.0861521
0.0411903 0.2925 1.95033 0.110543
0.0411903 0.2975 1.93768 0.138876
0.0411903 0.3025 1.92333 0.171121
0.0411903 0.3075 1.90736 0.207154
0.0411903 0.3125 1.88986 0.246777
0.0411903 0.3175 1.87097 0.289741
0.0411903 0.3225 1.85084 0.335763
0.0411903 0.3275 1.82961 0.384545
0.0411903 0.3325 1.80743 0.43579
0.0411903 0.3375 1.78445 0.489207
0.0411903 0.3425 1.7608 0.54452
0.0411903 0.3475 1.7366 0.601474
0.0411903 0.3525 1.71197 0.65983
0.0411903 0.3575 1.68702 0.719371
0.0411903 0.3625 1.66183 0.779898
0.0411903 0.3675 1.63649 0.841227
0.0411903 0.3725 1.61108 0.90319
0.0411903 0.3775 1.58567 0.965628
0.0411903 0.3825 1.56032 1.02839
0.0411903 0.3875 1.53509 1.09134
0.0411903 0.3925 1.51004 1.15434
0.0411903 0.3975 1.48522 1.21725
0.0411903 0.4025 1.46069 1.27993
0.0411903 0.4075 1.4365 1.34224
0.0411903 0.4125 1.4127 1.40405
0.0411903 0.4175 1.38934 1.46518
0.0411903 0.4225 1.36649 1.52549
0.0411903 0.4275 1.34419 1.5848
0.0411903 0.4325 1.32251 1.64293
0.0411903 0.4375 1.30151 1.69966
0.0411903 0.4425 1.28127 1.7548
0.0411903 0.4475 1.26184 1.80811
0.0411903 0.4525 1.2433 1.85934
0.0411903 0.4575 1.22572 1.90826
0.0411903 0.4625 1.20919 1.95461
0.0411903 0.4675 1.19375 1.99814
0.0411903 0.4725 1.17949 2.03861
0.0411903 0.4775 1.16645 2.0758
0.0411903 0.4825 1.15467 2.10955
0.0411903 0.4875 1.14418 2.13973
0.0411903 0.4925 1.13499 2.16628
0.0411903 0.4975 1.12706 2.18921
0.0411903 0.5025 1.12035 2.20862
0.0411903 0.5075 1.1148 2.22467
0.0411903 0.5125 1.1103 2.23762
0.0411903 0.5175 1.10675 2.24778
0.0411903 0.5225 1.10403 2.2555
0.0411903 0.5275 1.10199 2.26113
0.0411903 0.5325 1.10053 2.26507
0.0411903 0.5375 1.09951 2.26764
0.0411903 0.5425 1.09884 2.26918
0.0411903 0.5475 1.09841 2.26994
0.0411903 0.5525 1.09817 2.27014
0.0411903 0.5575 1.09804 2.26997
0.0411903 0.5625 1.09798 2.26955
0.0411903 0.5675 1.09797 2.26897
0.0411903 0.5725 1.09797 2.26831
0.0411903 0.5775 1.09797 2.2676
0.0411903 0.5825 1.09797 2.26686
0.0411903 0.5875 1.09796 2.26612
0.0411903 0.5925 1.09792 2.26538
0.0411903 0.5975 1.09787 2.26463
0.0411903 0.6025 1.0978 2.26387
0.0411903 0.6075 1.09771 2.2631
0.0411903 0.6125 1.09759 2.2623
0.0411903 0.6175 1.09744 2.26145
0.0411903 0.6225 1.09723 2.26048
0.0411903 0.6275 1.09692 2.25922
0.0411903 0.6325 1.09634 2.25719
0.0411903 0.6375 1.09508 2.25316
0.0411903 0.6425 1.09205 2.24386
0.0411903 0.6475 1.08464 2.22138
0.0411903 0.6525 1.06733 2.16881
0.0411903 0.6575 1.0311 2.05726
0.0411903 0.6625 0.966834 1.85277
0.0411903 0.6675 0.873964 1.53923
0.0411903 0.6725 0.766817 1.14539
0.0411903 0.6775 0.668217 0.747444
0.0411903 0.6825 0.594624 0.427533
0.0411903 0.6875 0.548602 0.219759
0.0411903 0.6925 0.523429 0.105294
0.0411903 0.6975 0.510849 0.0484575
0.0411903 0.7025 0.504899 0.0217933
0.0411903 0.7075 0.502175 0.00965402
0.0411903 0.7125 0.500953 0.00422404
0.0411903 0.7175 0.500412 0.00182626
0.0411903 0.7225 0.500176 0.000779695
0.0411903 0.7275 0.500074 0.000328348
0.0411903 0.7325 0.500031 0.000136216
0.0411903 0.7375 0.500013 5.5593e-05
0.0411903 0.7425 0.500005 2.22911e-05
0.0411903 0.7475 0.500002 8.77003e-06
0.0411903 0.7525 0.500001 3.38132e-06
0.0411903 0.7575 0.5 1.27606e-06
0.0411903 0.7625 0.5 4.70832e-07
0.0411903 0.7675 0.5 1.69669e-07
0.0411903 0.7725 0.5 5.96529e-08
0.0411903 0.7775 0.5 2.04422e-08
0.0411903 0.7825 0.5 6.82145e-09
0.0411903 0.7875 0.5 2.21452e-09
0.0411903 0.7925 0.5 6.98788e-10
0.0411903 0.7975 0.5 2.14137e-10
0.0411903 0.8025 0.5 6.36707e-11
0.0411903 0.8075 0.5 1.83529e-11
0.0411903 0.8125 0.5 5.12397e-12
0.0411903 0.8175 0.5 1.38432e-12
0.0411903 0.8225 0.5 3.61585e-13
0.0411903 0.8275 0.5 9.12778e-14
0.0411903 0.8325 0.5 2.22075e-14
0.0411903 0.8375 0.5 5.21894e-15
0.0411903 0.8425 0.5 1.22375e-15
0.0411903 0.8475 0.5 2.51947e-16
0.0411903 0.8525 0.5 3.59917e-17
0.0411903 0.8575 0.5 0
0.0411903 0.8625 0.5 0
0.0411903 0.8675 0.5 0
0.0411903 0.8725 0.5 0
0.0411903 0.8775 0.5 0
0.0411903 0.8825 0.5 0
0.0411903 0.8875 0.5 0
0.0411903 0.8925 0.5 0
0.0411903 0.8975 0.5 0
0.0411903 0.9025 0.5 0
0.0411903 0.9075 0.5 0
0.0411903 0.9125 0.5 0
0.0411903 0.9175 0.5 0
0.0411903 0.9225 0.5 0
0.0411903 0.9275 0.5 0
0.0411903 0.9325 0.5 0
0.0411903 0.9375 0.5 0
0.0411903 0.9425 0.5 0
0.0411903 0.9475 0.5 0
0.0411903 0.9525 0.5 0
0.0411903 0.9575 0.5 0
0.0411903 0.9625 0.5 0
0.0411903 0.9675 0.5 0
0.0411903 0.9725 0.5 0
0.0411903 0.9775 0.5 0
0.0411903 0.9825 0.5 0
0.0411903 0.9875 0.5 0
0.0411903 0.9925 0.5 0
0.0411903 0.9975 0.5 0

0.0614418 0.0025 2 2.80069e-11
0.0614418 0.0075 2 2.80069e-11
0.0614418 0.0125 2 7.57312e-11
0.0614418 0.0175 2 2.04613e-10
0.0614418 0.0225 2 5.38567e-10
0.0614418 0.0275 2 1.3809e-09
0.0614418 0.0325 2 3.45006e-09
0.0614418 0.0375 2 8.40132e-09
0.0614418 0.0425 2 1.99453e-08
0.0614418 0.0475 2 4.6176e-08
0.0614418 0.0525 2 1.04274e-07
0.0614418 0.0575 2 2.29733e-07
0.0614418 0.0625 2 4.93916e-07
0.0614418 0.0675 2 1.03647e-06
0.0614418 0.0725 2 2.12338e-06
0.0614418 0.0775 2 4.24763e-06
0.0614418 0.0825 2 8.29848e-06
0.0614418 0.0875 1.99999 1.58366e-05
0.0614418 0.0925 1.99999 2.95266e-05
0.0614418 0.0975 1.99998 5.37934e-05
0.0614418 0.1025 1.99996 9.57811e-05
0.0614418 0.1075 1.99992 0.000166701
0.0614418 0.1125 1.99987 0.000283645
0.0614418 0.1175 1.99979 0.000471914
0.0614418 0.1225 1.99965 0.000767849
0.0614418 0.1275 1.99945 0.00122206
0.0614418 0.1325 1.99914 0.00190285
0.0614418 0.1375 1.99869 0.00289937
0.0614418 0.1425 1.99805 0.00432418
0.0614418 0.1475 1.99715 0.00631442
0.0614418 0.1525 1.99592 0.00903122
0.0614418 0.1575 1.99429 0.0126567
0.0614418 0.1625 1.99215 0.0173885
0.0614418 0.1675 1.98943 0.023432
0.0614418 0.1725 1.98603 0.0309909
0.0614418 0.1775 1.98185 0.0402571
0.0614418 0.1825 1.97684 0.0514001
0.0614418 0.1875 1.97093 0.0645592
0.0614418 0.1925 1.96408 0.079837
0.0614418 0.1975 1.95627 0.0972957
0.0614418 0.2025 1.94748 0.116958
0.0614418 0.2075 1.93774 0.138806
0.0614418 0.2125 1.92707 0.162792
0.0614418 0.2175 1.91552 0.188836
0.0614418 0.2225 1.90313 0.216838
0.0614418 0.2275 1.88997 0.246683
0.0614418 0.2325 1.8761 0.278245
0.0614418 0.2375 1.86159 0.311393
0.0614418 0.2425 1.8465 0.345996
0.0614418 0.2475 1.83089 0.381926
0.0614418 0.2525 1.81482 0.419056
0.0614418 0.2575 1.79836 0.457271
0.0614418 0.2625 1.78155 0.496458
0.0614418 0.2675 1.76445 0.536515
0.0614418 0.2725 1.7471 0.577346
0.0614418 0.2775 1.72955 0.618863
0.0614418 0.2825 1.71182 0.660985
0.0614418 0.2875 1.69396 0.703638
0.0614418 0.2925 1.676 0.746752
0.0614418 0.2975 1.65797 0.790264
0.0614418 0.3025 1.6399 0.834117
0.0614418 0.3075 1.6218 0.878255
0.0614418 0.3125 1.60371 0.922628
0.0614418 0.3175 1.58563 0.967188
0.0614418 0.3225 1.5676 1.01189
0.0614418 0.3275 1.54964 1.05668
0.0614418 0.3325 1.53175 1.10154
0.0614418 0.3375 1.51396 1.1464
0.0614418 0.3425 1.49628 1.19123
0.0614418 0.3475 1.47873 1.23599
0.0614418 0.3525 1.46132 1.28064
0.0614418 0.3575 1.44408 1.32513
0.0614418 0.3625 1.42701 1.36942
0.0614418 0.3675 1.41014 1.41345
0.0614418 0.3725 1.39348 1.45719
0.0614418 0.3775 1.37705 1.50057
0.0614418 0.3825 1.36087 1.54354
0.0614418 0.3875 1.34496 1.58604
0.0614418 0.3925 1.32934 1.62801
0.0614418 0.3975 1.31403 1.66937
0.0614418 0.4025 1.29906 1.71005
0.0614418 0.4075 1.28445 1.74997
0.0614418 0.4125 1.27022 1.78904
0.0614418 0.4175 1.25642 1.82717
0.0614418 0.4225 1.24306 1.86427
0.0614418 0.4275 1.23018 1.90022
0.0614418 0.4325 1.21781 1.93494
0.0614418 0.4375 1.20598 1.9683
0.0614418 0.4425 1.19472 2.00019
0.0614418 0.4475 1.18406 2.03051
0.0614418 0.4525 1.17403 2.05916
0.0614418 0.4575 1.16467 2.08603
0.0614418 0.4625 1.15598 2.11103
0.0614418 0.4675 1.148 2.1341
0.0614418 0.4725 1.14072 2.15518
0.0614418 0.4775 1.13416 2.17424
0.0614418 0.4825 1.1283 2.19128
0.0614418 0.4875 1.12314 2.20633
0.0614418 0.4925 1.11865 2.21942
0.0614418 0.4975 1.11479 2.23066
0.0614418 0.5025 1.11154 2.24014
0.0614418 0.5075 1.10883 2.24801
0.0614418 0.5125 1.10661 2.25441
0.0614418 0.5175 1.10484 2.2595
0.0614418 0.5225 1.10345 2.26346
0.0614418 0.5275 1.10238 2.26645
0.0614418 0.5325 1.10158 2.26863
0.0614418 0.5375 1.101 2.27016
0.0614418 0.5425 1.10059 2.27116
0.0614418 0.5475 1.10032 2.27175
0.0614418 0.5525 1.10015 2.27204
0.0614418 0.5575 1.10005 2.2721
0.0614418 0.5625 1.1 2.272
0.0614418 0.5675 1.09999 2.27179
0.0614418 0.5725 1.1 2.27151
0.0614418 0.5775 1.10002 2.27119
0.0614418 0.5825 1.10004 2.27084
0.0614418 0.5875 1.10007 2.27048
0.0614418 0.5925 1.10009 2.27013
0.0614418 0.5975 1.1001 2.26978
0.0614418 0.6025 1.10011 2.26943
0.0614418 0.6075 1.10012 2.2691
0.0614418 0.6125 1.10011 2.26877
0.0614418 0.6175 1.1001 2.26845
0.0614418 0.6225 1.10008 2.26813
0.0614418 0.6275 1.10006 2.26782
0.0614418 0.6325 1.10003 2.26751
0.0614418 0.6375 1.09999 2.26721
0.0614418 0.6425 1.09994 2.2669
0.0614418 0.6475 1.09989 2.26659
0.0614418 0.6525 1.09984 2.26628
0.0614418 0.6575 1.09977 2.26597
0.0614418 0.6625 1.0997 2.26564
0.0614418 0.6675 1.09963 2.26531
0.0614418 0.6725 1.09954 2.26497
0.0614418 0.6775 1.09945 2.26462
0.0614418 0.6825 1.09935 2.26425
0.0614418 0.6875 1.09924 2.26386
0.0614418 0.6925 1.09912 2.26344
0.0614418 0.6975 1.09899 2.26299
0.0614418 0.7025 1.09883 2.26246
0.0614418 0.7075 1.09861 2.26176
0.0614418 0.7125 1.09825 2.26066
0.0614418 0.7175 1.09755 2.25853
0.0614418 0.7225 1.09596 2.25375
0.0614418 0.7275 1.09213 2.24225
0.0614418 0.7325 1.08291 2.2145
0.0614418 0.7375 1.06205 2.15124
0.0614418 0.7425 1.0202 2.02188
0.0614418 0.7475 0.949491 1.79472
0.0614418 0.7525 0.852398 1.46179
0.0614418 0.7575 0.745791 1.06256
0.0614418 0.7625 0.651947 0.677634
0.0614418 0.7675 0.584374 0.381241
0.0614418 0.7725 0.543155 0.194796
0.0614418 0.7775 0.520899 0.0937588
0.0614418 0.7825 0.509798 0.0437138
0.0614418 0.7875 0.504511 0.0200574
0.0614418 0.7925 0.502056 0.00912517
0.0614418 0.7975 0.500931 0.00412942
0.0614418 0.8025 0.50042 0.00186075
0.0614418 0.8075 0.500188 0.000835015
0.0614418 0.8125 0.500084 0.000373046
0.0614418 0.8175 0.500037 0.000165825
0.0614418 0.8225 0.500017 7.32935e-05
0.0614418 0.8275 0.500007 3.21872e-05
0.0614418 0.8325 0.500003 1.40335e-05
0.0614418 0.8375 0.500001 6.06975e-06
0.0614418 0.8425 0.500001 2.60228e-06
0.0614418 0.8475 0.5 1.10503e-06
0.0614418 0.8525 0.5 4.64405e-07
0.0614418 0.8575 0.5 1.93018e-07
0.0614418 0.8625 0.5 7.92805e-08
0.0614418 0.8675 0.5 3.21588e-08
0.0614418 0.8725 0.5 1.28739e-08
0.0614418 0.8775 0.5 5.08309e-09
0.0614418 0.8825 0.5 1.97827e-09
0.0614418 0.8875 0.5 7.58474e-10
0.0614418 0.8925 0.5 2.86321e-10
0.0614418 0.8975 0.5 1.06365e-10
0.0614418 0.9025 0.5 3.88652e-11
0.0614418 0.9075 0.5 1.39615e-11
0.0614418 0.9125 0.5 4.92847e-12
0.0614418 0.9175 0.5 1.70882e-12
0.0614418 0.9225 0.5 5.81787e-13
0.0614418 0.9275 0.5 1.94516e-13
0.0614418 0.9325 0.5 6.37958e-14
0.0614418 0.9375 0.5 2.04981e-14
0.0614418 0.9425 0.5 6.50903e-15
0.0614418 0.9475 0.5 2.01384e-15
0.0614418 0.9525 0.5 5.03458e-16
0.0614418 0.9575 0.5 1.07883e-16
0.0614418 0.9625 0.5 0
0.0614418 0.9675 0.5 0
0.0614418 0.9725 0.5 0
0.0614418 0.9775 0.5 0
0.0614418 0.9825 0.5 0
0.0614418 0.9875 0.5 0
0.0614418 0.9925 0.5 0
0.0614418 0.9975 0.5 0

0.0816811 0.0025 1.99984 0.000348007
0.0816811 0.0075 1.99984 0.000348007
0.0816811 0.0125 1.99977 0.000520105
0.0816811 0.0175 1.99965 0.000784673
0.0816811 0.0225 1.99947 0.00116613
0.0816811 0.0275 1.99923 0.0017053
0.0816811 0.0325 1.99889 0.00245404
0.0816811 0.0375 1.99843 0.00347576
0.0816811 0.0425 1.99781 0.004846
0.0816811 0.0475 1.997 0.00665225
0.0816811 0.0525 1.99594 0.00899309
0.0816811 0.0575 1.9946 0.0119763
0.0816811 0.0625 1.99291 0.015716
0.0816811 0.0675 1.99083 0.0203295
0.0816811 0.0725 1.9883 0.0259325
0.0816811 0.0775 1.98529 0.0326355
0.0816811 0.0825 1.98173 0.0405389
0.0816811 0.0875 1.9776 0.0497292
0.0816811 0.0925 1.97286 0.0602766
0.0816811 0.0975 1.9675 0.0722321
0.0816811 0.1025 1.9615 0.0856269
0.0816811 0.1075 1.95485 0.100473
0.0816811 0.1125 1.94758 0.116762
0.0816811 0.1175 1.93968 0.134472
0.0816811 0.1225 1.93119 0.153562
0.0816811 0.1275 1.92212 0.173983
0.0816811 0.1325 1.91252 0.195675
0.0816811 0.1375 1.9024 0.218572
0.0816811 0.1425 1.89181 0.242601
0.0816811 0.1475 1.88078 0.267691
0.0816811 0.1525 1.86935 0.293767
0.0816811 0.1575 1.85756 0.320757
0.0816811 0.1625 1.84544 0.34859
0.0816811 0.1675 1.83301 0.377199
0.0816811 0.1725 1.82033 0.406517
0.0816811 0.1775 1.8074 0.436485
0.0816811 0.1825 1.79427 0.467046
0.0816811 0.1875 1.78095 0.498145
0.0816811 0.1925 1.76747 0.529733
0.0816811 0.1975 1.75386 0.561764
0.0816811 0.2025 1.74012 0.594196
0.0816811 0.2075 1.72629 0.62699
0.0816811 0.2125 1.71237 0.660108
0.0816811 0.2175 1.69839 0.693519
0.0816811 0.2225 1.68435 0.727189
0.0816811 0.2275 1.67028 0.761091
0.0816811 0.2325 1.65618 0.795198
0.0816811 0.2375 1.64206 0.829485
0.0816811 0.2425 1.62794 0.863928
0.0816811 0.2475 1.61382 0.898505
0.0816811 0.2525 1.59972 0.933196
0.0816811 0.2575 1.58564 0.967981
0.0816811 0.2625 1.57159 1.00284
0.0816811 0.2675 1.55758 1.03776
0.0816811 0.2725 1.54361 1.07271
0.0816811 0.2775 1.5297 1.10768
0.0816811 0.2825 1.51585 1.14266
0.0816811 0.2875 1.50206 1.17763
0.0816811 0.2925 1.48835 1.21256
0.0816811 0.2975 1.47472 1.24745
0.0816811 0.3025 1.46118 1.28227
0.0816811 0.3075 1.44773 1.317
0.0816811 0.3125 1.43438 1.35163
0.0816811 0.3175 1.42114 1.38614
0.0816811 0.3225 1.40801 1.42051
0.0816811 0.3275 1.39501 1.4547
0.0816811 0.3325 1.38214 1.48871
0.0816811 0.3375 1.3694 1.52251
0.0816811 0.3425 1.35682 1.55607
0.0816811 0.3475 1.34439 1.58936
0.0816811 0.3525 1.33212 1.62235
0.0816811 0.3575 1.32003 1.65501
0.0816811 0.3625 1.30814 1.68731
0.0816811 0.3675 1.29644 1.71921
0.0816811 0.3725 1.28495 1.75067
0.0816811 0.3775 1.27369 1.78165
0.0816811 0.3825 1.26266 1.8121
0.0816811 0.3875 1.25189 1.84198
0.0816811 0.3925 1.24139 1.87123
0.0816811 0.3975 1.23118 1.89981
0.0816811 0.4025 1.22126 1.92765
0.0816811 0.4075 1.21167 1.9547
0.0816811 0.4125 1.20241 1.9809
0.0816811 0.4175 1.19351 2.00619
0.0816811 0.4225 1.18498 2.03051
0.0816811 0.4275 1.17685 2.05379
0.0816811 0.4325 1.16912 2.07598
0.0816811 0.4375 1.16181 2.09702
0.0816811 0.4425 1.15494 2.11686
0.0816811 0.4475 1.14852 2.13546
0.0816811 0.4525 1.14256 2.15277
0.0816811 0.4575 1.13706 2.16878
0.0816811 0.4625 1.13202 2.18346
0.0816811 0.4675 1.12745 2.19681
0.0816811 0.4725 1.12333 2.20884
0.0816811 0.4775 1.11966 2.21957
0.0816811 0.4825 1.11643 2.22905
0.0816811 0.4875 1.1136 2.23733
0.0816811 0.4925 1.11116 2.24447
0.0816811 0.4975 1.10907 2.25055
0.0816811 0.5025 1.10732 2.25566
0.0816811 0.5075 1.10587 2.25988
0.0816811 0.5125 1.10468 2.26331
0.0816811 0.5175 1.10372 2.26605
0.0816811 0.5225 1.10297 2.26819
0.0816811 0.5275 1.10238 2.26982
0.0816811 0.5325 1.10194 2.27102
0.0816811 0.5375 1.10161 2.27188
0.0816811 0.5425 1.10138 2.27245
0.0816811 0.5475 1.10122 2.27281
0.0816811 0.5525 1.10112 2.27299
0.0816811 0.5575 1.10106 2.27304
0.0816811 0.5625 1.10103 2.27299
0.0816811 0.5675 1.10102 2.27288
0.0816811 0.5725 1.10102 2.27272
0.0816811 0.5775 1.10104 2.27254
0.0816811 0.5825 1.10106 2.27233
0.0816811 0.5875 1.10108 2.27212
0.0816811 0.5925 1.1011 2.27191
0.0816811 0.5975 1.10112 2.27169
0.0816811 0.6025 1.10113 2.27148
0.0816811 0.6075 1.10115 2.27128
0.0816811 0.6125 1.10115 2.27109
0.0816811 0.6175 1.10116 2.2709
0.0816811 0.6225 1.10116 2.27071
0.0816811 0.6275 1.10116 2.27054
0.0816811 0.6325 1.10115 2.27036
0.0816811 0.6375 1.10114 2.2702
0.0816811 0.6425 1.10113 2.27003
0.0816811 0.6475 1.10112 2.26987
0.0816811 0.6525 1.1011 2.26972
0.0816811 0.6575 1.10108 2.26956
0.0816811 0.6625 1.10105 2.26941
0.0816811 0.6675 1.10103 2.26926
0.0816811 0.6725 1.101 2.2691
0.0816811 0.6775 1.10097 2.26895
0.0816811 0.6825 1.10093 2.2688
0.0816811 0.6875 1.1009 2.26864
0.0816811 0.6925 1.10086 2.26849
0.0816811 0.6975 1.10081 2.26833
0.0816811 0.7025 1.10077 2.26817
0.0816811 0.7075 1.10072 2.268
0.0816811 0.7125 1.10068 2.26783
0.0816811 0.7175 1.10062 2.26766
0.0816811 0.7225 1.10057 2.26748
0.0816811 0.7275 1.10051 2.2673
0.0816811 0.7325 1.10045 2.26711
0.0816811 0.7375 1.10039 2.26691
0.0816811 0.7425 1.10032 2.26671
0.0816811 0.7475 1.10025 2.26649
0.0816811 0.7525 1.10018 2.26627
0.0816811 0.7575 1.1001 2.26604
0.0816811 0.7625 1.10002 2.2658
0.0816811 0.7675 1.09994 2.26555
0.0816811 0.7725 1.09985 2.26527
0.0816811 0.7775 1.09975 2.26498
0.0816811 0.7825 1.09963 2.26464
0.0816811 0.7875 1.09949 2.26423
0.0816811 0.7925 1.09928 2.26361
0.0816811 0.7975 1.09891 2.2625
0.0816811 0.8025 1.09811 2.26013
0.0816811 0.8075 1.09623 2.25451
0.0816811 0.8125 1.09163 2.24073
0.0816811 0.8175 1.08061 2.2076
0.0816811 0.8225 1.05618 2.13336
0.0816811 0.8275 1.00873 1.98586
0.0816811 0.8325 0.931785 1.73596
0.0816811 0.8375 0.830864 1.38419
0.0816811 0.8425 0.725105 0.980456
0.0816811 0.8475 0.63598 0.608891
0.0816811 0.8525 0.574148 0.335211
0.0816811 0.8575 0.53748 0.168977
0.0816811 0.8625 0.518044 0.0808439
0.0816811 0.8675 0.508449 0.0376595
0.0816811 0.8725 0.503898 0.0173217
0.0816811 0.8775 0.501785 0.00791941
0.0816811 0.8825 0.500814 0.0036096
0.0816811 0.8875 0.500371 0.00164216
0.0816811 0.8925 0.500168 0.000746009
0.0816811 0.8975 0.500076 0.000338423
0.0816811 0.9025 0.500035 0.000153283
0.0816811 0.9075 0.500016 6.93005e-05
0.0816811 0.9125 0.500007 3.12638e-05
0.0816811 0.9175 0.500003 1.40685e-05
0.0816811 0.9225 0.500001 6.31205e-06
0.0816811 0.9275 0.500001 2.82239e-06
0.0816811 0.9325 0.5 1.25713e-06
0.0816811 0.9375 0.5 5.57504e-07
0.0816811 0.9425 0.5 2.46035e-07
0.0816811 0.9475 0.5 1.07995e-07
0.0816811 0.9525 0.5 4.71244e-08
0.0816811 0.9575 0.5 2.04312e-08
0.0816811 0.9625 0.5 8.79683e-09
0.0816811 0.9675 0.5 3.75945e-09
0.0816811 0.9725 0.5 1.59396e-09
0.0816811 0.9775 0.5 6.7018e-10
0.0816811 0.9825 0.5 2.7944e-10
0.0816811 0.9875 0.5 1.16325e-10
0.0816811 0.9925 0.5 5.309e-11
0.0816811 0.9975 0.5 5.309e-11

0.101913 0.0025 1.96522 0.0773001
0.101913 0.0075 1.96522 0.0773001
0.101913 0.0125 1.96049 0.0878859
0.101913 0.0175 1.95481 0.100589
0.101913 0.0225 1.94862 0.114443
0.101913 0.0275 1.94199 0.12932
0.101913 0.0325 1.93493 0.145182
0.101913 0.0375 1.92746 0.161991
0.101913 0.0425 1.9196 0.179708
0.101913 0.0475 1.91138 0.198289
0.101913 0.0525 1.90281 0.21769
0.101913 0.0575 1.89392 0.237863
0.101913 0.0625 1.88473 0.258761
0.101913 0.0675 1.87526 0.280338
0.101913 0.0725 1.86555 0.302548
0.101913 0.0775 1.8556 0.325347
0.101913 0.0825 1.84543 0.348693
0.101913 0.0875 1.83508 0.372544
0.101913 0.0925 1.82455 0.396863
0.101913 0.0975 1.81387 0.421613
0.101913 0.1025 1.80304 0.44676
0.101913 0.1075 1.79209 0.472274
0.101913 0.1125 1.78103 0.498124
0.101913 0.1175 1.76987 0.524282
0.101913 0.1225 1.75863 0.550724
0.101913 0.1275 1.74731 0.577425
0.101913 0.1325 1.73593 0.604364
0.101913 0.1375 1.72449 0.631519
0.101913 0.1425 1.713 0.658872
0.101913 0.1475 1.70148 0.686405
0.101913 0.1525 1.68993 0.714102
0.101913 0.1575 1.67836 0.741947
0.101913 0.1625 1.66676 0.769926
0.101913 0.1675 1.65516 0.798025
0.101913 0.1725 1.64356 0.826232
0.101913 0.1775 1.63195 0.854535
0.101913 0.1825 1.62035 0.882923
0.101913 0.1875 1.60876 0.911385
0.101913 0.1925 1.59719 0.939911
0.101913 0.1975 1.58563 0.968491
0.101913 0.2025 1.5741 0.997115
0.101913 0.2075 1.5626 1.02578
0.101913 0.2125 1.55113 1.05446
0.101913 0.2175 1.53969 1.08317
0.101913 0.2225 1.52828 1.11188
0.101913 0.2275 1.51692 1.1406
0.101913 0.2325 1.50561 1.16931
0.101913 0.2375 1.49434 1.198
0.101913 0.2425 1.48312 1.22667
0.101913 0.2475 1.47196 1.2553
0.101913 0.2525 1.46086 1.28389
0.101913 0.2575 1.44981 1.31243
0.101913 0.2625 1.43883 1.34092
0.101913 0.2675 1.42792 1.36933
0.101913 0.2725 1.41708 1.39766
0.101913 0.2775 1.40632 1.42589
0.101913 0.2825 1.39563 1.45403
0.101913 0.2875 1.38503 1.48205
0.101913 0.2925 1.37452 1.50995
0.101913 0.2975 1.3641 1.5377
0.101913 0.3025 1.35377 1.5653
0.101913 0.3075 1.34355 1.59273
0.101913 0.3125 1.33343 1.61997
0.101913 0.3175 1.32343 1.64702
0.101913 0.3225 1.31354 1.67384
0.101913 0.3275 1.30378 1.70042
0.101913 0.3325 1.29415 1.72674
0.101913 0.3375 1.28466 1.75278
0.101913 0.3425 1.27531 1.77851
0.101913 0.3475 1.26612 1.80391
0.101913 0.3525 1.25709 1.82895
0.101913 0.3575 1.24823 1.8536
0.101913 0.3625 1.23955 1.87784
0.101913 0.3675 1.23106 1.90162
0.101913 0.3725 1.22277 1.92493
0.101913 0.3775 1.21469 1.94772
0.101913 0.3825 1.20683 1.96995
0.101913 0.3875 1.19921 1.9916
0.101913 0.3925 1.19183 2.01261
0.101913 0.3975 1.18471 2.03296
0.101913 0.4025 1.17785 2.0526
0.101913 0.4075 1.17127 2.0715
0.101913 0.4125 1.16498 2.08962
0.101913 0.4175 1.15899 2.10692
0.101913 0.4225 1.15331 2.12336
0.101913 0.4275 1.14795 2.13892
0.101913 0.4325 1.14291 2.15358
0.101913 0.4375 1.1382 2.1673
0.101913 0.4425 1.13382 2.18008
0.101913 0.4475 1.12978 2.1919
0.101913 0.4525 1.12606 2.20276
0.101913 0.4575 1.12268 2.21268
0.101913 0.4625 1.11962 2.22166
0.101913 0.4675 1.11687 2.22972
0.101913 0.4725 1.11443 2.2369
0.101913 0.4775 1.11227 2.24323
0.101913 0.4825 1.11038 2.24877
0.101913 0.4875 1.10875 2.25355
0.101913 0.4925 1.10735 2.25764
0.101913 0.4975 1.10617 2.26109
0.101913 0.5025 1.10518 2.26397
0.101913 0.5075 1.10436 2.26634
0.101913 0.5125 1.10369 2.26825
0.101913 0.5175 1.10315 2.26978
0.101913 0.5225 1.10273 2.27096
0.101913 0.5275 1.1024 2.27187
0.101913 0.5325 1.10215 2.27253
0.101913 0.5375 1.10197 2.273
0.101913 0.5425 1.10184 2.27331
0.101913 0.5475 1.10175 2.2735
0.101913 0.5525 1.10169 2.27359
0.101913 0.5575 1.10166 2.27361
0.101913 0.5625 1.10164 2.27357
0.101913 0.5675 1.10164 2.27349
0.101913 0.5725 1.10165 2.27338
0.101913 0.5775 1.10166 2.27326
0.101913 0.5825 1.10167 2.27312
0.101913 0.5875 1.10169 2.27298
0.101913 0.5925 1.1017 2.27283
0.101913 0.5975 1.10172 2.27269
0.101913 0.6025 1.10173 2.27255
0.101913 0.6075 1.10174 2.27242
0.101913 0.6125 1.10175 2.27229
0.101913 0.6175 1.10176 2.27216
0.101913 0.6225 1.10176 2.27204
0.101913 0.6275 1.10177 2.27193
0.101913 0.6325 1.10177 2.27182
0.101913 0.6375 1.10176 2.27171
0.101913 0.6425 1.10176 2.27161
0.101913 0.6475 1.10175 2.27151
0.101913 0.6525 1.10174 2.27141
0.101913 0.6575 1.10173 2.27131
0.101913 0.6625 1.10172 2.27122
0.101913 0.6675 1.10171 2.27113
0.101913 0.6725 1.1017 2.27104
0.101913 0.6775 1.10168 2.27096
0.101913 0.6825 1.10166 2.27087
0.101913 0.6875 1.10164 2.27078
0.101913 0.6925 1.10162 2.2707
0.101913 0.6975 1.1016 2.27061
0.101913 0.7025 1.10158 2.27052
0.101913 0.7075 1.10156 2.27044
0.101913 0.7125 1.10153 2.27035
0.101913 0.7175 1.10151 2.27026
0.101913 0.7225 1.10148 2.27017
0.101913 0.7275 1.10145 2.27008
0.101913 0.7325 1.10142 2.26999
0.101913 0.7375 1.10139 2.2699
0.101913 0.7425 1.10136 2.26981
0.101913 0.7475 1.10133 2.26971
0.101913 0.7525 1.10129 2.26961
0.101913 0.7575 1.10126 2.26951
0.101913 0.7625 1.10122 2.26941
0.101913 0.7675 1.10119 2.2693
0.101913 0.7725 1.10115 2.26919
0.101913 0.7775 1.10111 2.26908
0.101913 0.7825 1.10107 2.26897
0.101913 0.7875 1.10102 2.26885
0.101913 0.7925 1.10098 2.26872
0.101913 0.7975 1.10093 2.2686
0.101913 0.8025 1.10089 2.26847
0.101913 0.8075 1.10084 2.26833
0.101913 0.8125 1.10079 2.26819
0.101913 0.8175 1.10074 2.26804
0.101913 0.8225 1.10068 2.26789
0.101913 0.8275 1.10062 2.26774
0.101913 0.8325 1.10057 2.26757
0.101913 0.8375 1.1005 2.2674
0.101913 0.8425 1.10044 2.26722
0.101913 0.8475 1.10037 2.26703
0.101913 0.8525 1.1003 2.26684
0.101913 0.8575 1.10023 2.26663
0.101913 0.8625 1.10015 2.26639
0.101913 0.8675 1.10005 2.26612
0.101913 0.8725 1.09992 2.26575
0.101913 0.8775 1.09972 2.26515
0.101913 0.8825 1.09932 2.26396
0.101913 0.8875 1.0984 2.26125
0.101913 0.8925 1.09618 2.25462
0.101913 0.8975 1.09071 2.23823
0.101913 0.9025 1.0777 2.19905
0.101913 0.9075 1.04943 2.11288
0.101913 0.9125 0.996237 1.94646
0.101913 0.9175 0.913391 1.67423
0.101913 0.9225 0.809486 1.30582
0.101913 0.9275 0.705403 0.900922
0.101913 0.9325 0.621288 0.544951
0.101913 0.9375 0.564963 0.293738
0.101913 0.9425 0.532441 0.146088
0.101913 0.9475 0.515508 0.069396
0.101913 0.9525 0.507234 0.0322216
0.101913 0.9575 0.503333 0.0148035
0.101913 0.9625 0.501526 0.0067686
0.101913 0.9675 0.500697 0.00308796
0.101913 0.9725 0.500318 0.00140727
0.101913 0.9775 0.500145 0.00064099
0.101913 0.9825 0.500066 0.000292084
0.101913 0.9875 0.50003 0.000134338
0.101913 0.9925 0.500015 6.84009e-05
0.101913 0.9975 0.500015 6.84009e-05

0.122141 0.0025 1.83506 0.372568
0.122141 0.0075 1.83506 0.372568
0.122141 0.0125 1.82757 0.389871
0.122141 0.0175 1.81871 0.410407
0.122141 0.0225 1.80952 0.431726
0.122141 0.0275 1.80021 0.453393
0.122141 0.0325 1.79081 0.47532
0.122141 0.0375 1.78134 0.497476
0.122141 0.0425 1.7718 0.519842
0.122141 0.0475 1.7622 0.542403
0.122141 0.0525 1.75256 0.565143
0.122141 0.0575 1.74287 0.588049
0.122141 0.0625 1.73314 0.611109
0.122141 0.0675 1.72338 0.63431
0.122141 0.0725 1.71359 0.657641
0.122141 0.0775 1.70378 0.681092
0.122141 0.0825 1.69395 0.704654
0.122141 0.0875 1.6841 0.728317
0.122141 0.0925 1.67425 0.752073
0.122141 0.0975 1.66439 0.775913
0.122141 0.1025 1.65452 0.799831
0.122141 0.1075 1.64466 0.823818
0.122141 0.1125 1.63479 0.847869
0.122141 0.1175 1.62494 0.871977
0.122141 0.1225 1.61509 0.896136
0.122141 0.1275 1.60526 0.92034
0.122141 0.1325 1.59543 0.944584
0.122141 0.1375 1.58563 0.968862
0.122141 0.1425 1.57584 0.993168
0.122141 0.1475 1.56607 1.0175
0.122141 0.1525 1.55632 1.04185
0.122141 0.1575 1.5466 1.06621
0.122141 0.1625 1.5369 1.09059
0.122141 0.1675 1.52724 1.11496
0.122141 0.1725 1.5176 1.13934
0.122141 0.1775 1.50799 1.16371
0.122141 0.1825 1.49842 1.18808
0.122141 0.1875 1.48889 1.21243
0.122141 0.1925 1.47939 1.23676
0.122141 0.1975 1.46993 1.26107
0.122141 0.2025 1.46051 1.28535
0.122141 0.2075 1.45113 1.3096
0.122141 0.2125 1.4418 1.3338
0.122141 0.2175 1.43251 1.35797
0.122141 0.2225 1.42328 1.38208
0.122141 0.2275 1.41409 1.40614
0.122141 0.2325 1.40496 1.43013
0.122141 0.2375 1.39588 1.45406
0.122141 0.2425 1.38686 1.47791
0.122141 0.2475 1.3779 1.50168
0.122141 0.2525 1.369 1.52536
0.122141 0.2575 1.36017 1.54894
0.122141 0.2625 1.3514 1.57242
0.122141 0.2675 1.34271 1.59578
0.122141 0.2725 1.33409 1.61901
0.122141 0.2775 1.32554 1.64211
0.122141 0.2825 1.31708 1.66507
0.122141 0.2875 1.3087 1.68786
0.122141 0.2925 1.30041 1.71049
0.122141 0.2975 1.29221 1.73294
0.122141 0.3025 1.28411 1.75519
0.122141 0.3075 1.27611 1.77723
0.122141 0.3125 1.26822 1.79904
0.122141 0.3175 1.26044 1.82062
0.122141 0.3225 1.25277 1.84193
0.122141 0.3275 1.24523 1.86296
0.122141 0.3325 1.23782 1.8837
0.122141 0.3375 1.23054 1.90412
0.122141 0.3425 1.2234 1.92419
0.122141 0.3475 1.21642 1.94391
0.122141 0.3525 1.20959 1.96323
0.122141 0.3575 1.20292 1.98215
0.122141 0.3625 1.19643 2.00063
0.122141 0.3675 1.19011 2.01865
0.122141 0.3725 1.18398 2.03618
0.122141 0.3775 1.17805 2.05319
0.122141 0.3825 1.17232 2.06966
0.122141 0.3875 1.1668 2.08557
0.122141 0.3925 1.1615 2.10087
0.122141 0.3975 1.15642 2.11556
0.122141 0.4025 1.15158 2.1296
0.122141 0.4075 1.14698 2.14298
0.122141 0.4125 1.14262 2.15567
0.122141 0.4175 1.13851 2.16766
0.122141 0.4225 1.13465 2.17894
0.122141 0.4275 1.13104 2.18949
0.122141 0.4325 1.12769 2.19931
0.122141 0.4375 1.12459 2.2084
0.122141 0.4425 1.12174 2.21676
0.122141 0.4475 1.11914 2.22441
0.122141 0.4525 1.11678 2.23135
0.122141 0.4575 1.11465 2.23761
0.122141 0.4625 1.11274 2.24322
0.122141 0.4675 1.11105 2.2482
0.122141 0.4725 1.10956 2.25259
0.122141 0.4775 1.10825 2.25641
0.122141 0.4825 1.10712 2.25973
0.122141 0.4875 1.10615 2.26256
0.122141 0.4925 1.10533 2.26496
0.122141 0.4975 1.10464 2.26698
0.122141 0.5025 1.10406 2.26864
0.122141 0.5075 1.10359 2.27
0.122141 0.5125 1.10321 2.27109
0.122141 0.5175 1.1029 2.27195
0.122141 0.5225 1.10266 2.27261
0.122141 0.5275 1.10247 2.27311
0.122141 0.5325 1.10233 2.27347
0.122141 0.5375 1.10223 2.27372
0.122141 0.5425 1.10216 2.27389
0.122141 0.5475 1.10211 2.27397
0.122141 0.5525 1.10208 2.27401
0.122141 0.5575 1.10206 2.274
0.122141 0.5625 1.10205 2.27395
0.122141 0.5675 1.10206 2.27389
0.122141 0.5725 1.10206 2.27381
0.122141 0.5775 1.10207 2.27372
0.122141 0.5825 1.10208 2.27362
0.122141 0.5875 1.1021 2.27352
0.122141 0.5925 1.10211 2.27342
0.122141 0.5975 1.10212 2.27332
0.122141 0.6025 1.10213 2.27322
0.122141 0.6075 1.10214 2.27313
0.122141 0.6125 1.10214 2.27304
0.122141 0.6175 1.10215 2.27295
0.122141 0.6225 1.10215 2.27287
0.122141 0.6275 1.10215 2.27279
0.122141 0.6325 1.10215 2.27271
0.122141 0.6375 1.10215 2.27264
0.122141 0.6425 1.10215 2.27257
0.122141 0.6475 1.10215 2.2725
0.122141 0.6525 1.10214 2.27244
0.122141 0.6575 1.10214 2.27237
0.122141 0.6625 1.10213 2.27231
0.122141 0.6675 1.10212 2.27225
0.122141 0.6725 1.10211 2.2722
0.122141 0.6775 1.1021 2.27214
0.122141 0.6825 1.10209 2.27209
0.122141 0.6875 1.10208 2.27203
0.122141 0.6925 1.10207 2.27198
0.122141 0.6975 1.10205 2.27192
0.122141 0.7025 1.10204 2.27187
0.122141 0.7075 1.10202 2.27182
0.122141 0.7125 1.10201 2.27177
0.122141 0.7175 1.10199 2.27171
0.122141 0.7225 1.10198 2.27166
0.122141 0.7275 1.10196 2.27161
0.122141 0.7325 1.10194 2.27155
0.122141 0.7375 1.10192 2.2715
0.122141 0.7425 1.1019 2.27145
0.122141 0.7475 1.10188 2.27139
0.122141 0.7525 1.10186 2.27134
0.122141 0.7575 1.10184 2.27128
0.122141 0.7625 1.10182 2.27122
0.122141 0.7675 1.1018 2.27117
0.122141 0.7725 1.10178 2.27111
0.122141 0.7775 1.10175 2.27105
0.122141 0.7825 1.10173 2.27099
0.122141 0.7875 1.10171 2.27092
0.122141 0.7925 1.10168 2.27086
0.122141 0.7975 1.10166 2.27079
0.122141 0.8025 1.10163 2.27073
0.122141 0.8075 1.1016 2.27066
0.122141 0.8125 1.10158 2.27059
0.122141 0.8175 1.10155 2.27052
0.122141 0.8225 1.10152 2.27044
0.122141 0.8275 1.10149 2.27037
0.122141 0.8325 1.10146 2.27029
0.122141 0.8375 1.10143 2.27021
0.122141 0.8425 1.1014 2.27013
0.122141 0.8475 1.10136 2.27004
0.122141 0.8525 1.10133 2.26995
0.122141 0.8575 1.1013 2.26986
0.122141 0.8625 1.10126 2.26977
0.122141 0.8675 1.10122 2.26968
0.122141 0.8725 1.10119 2.26958
0.122141 0.8775 1.10115 2.26948
0.122141 0.8825 1.10111 2.26937
0.122141 0.8875 1.10107 2.26926
0.122141 0.8925 1.10103 2.26915
0.122141 0.8975 1.10098 2.26903
0.122141 0.9025 1.10094 2.26891
0.122141 0.9075 1.10089 2.26879
0.122141 0.9125 1.10085 2.26866
0.122141 0.9175 1.1008 2.26852
0.122141 0.9225 1.10075 2.26838
0.122141 0.9275 1.10069 2.26824
0.122141 0.9325 1.10064 2.26808
0.122141 0.9375 1.10058 2.26792
0.122141 0.9425 1.10052 2.26774
0.122141 0.9475 1.10046 2.26753
0.122141 0.9525 1.10039 2.26725
0.122141 0.9575 1.1003 2.26683
0.122141 0.9625 1.10012 2.2661
0.122141 0.9675 1.09972 2.26465
0.122141 0.9725 1.09868 2.26143
0.122141 0.9775 1.09601 2.25372
0.122141 0.9825 1.08938 2.23486
0.122141 0.9875 1.07434 2.19128
0.122141 0.9925 1.04736 2.11082
0.122141 0.9975 1.04736 2.11082

0.142366 0.0025 1.70291 0.683191
0.142366 0.0075 1.70291 0.683191
0.142366 0.0125 1.69635 0.698903
0.142366 0.0175 1.68825 0.718371
0.142366 0.0225 1.67978 0.738769
0.142366 0.0275 1.67122 0.759429
0.142366 0.0325 1.66264 0.780194
0.142366 0.0375 1.65406 0.801022
0.142366 0.0425 1.64547 0.821902
0.142366 0.0475 1.6369 0.842827
0.142366 0.0525 1.62832 0.863792
0.142366 0.0575 1.61975 0.884794
0.142366 0.0625 1.6112 0.905829
0.142366 0.0675 1.60265 0.926894
0.142366 0.0725 1.59411 0.947986
0.142366 0.0775 1.58559 0.9691
0.142366 0.0825 1.57708 0.990235
0.142366 0.0875 1.56859 1.01139
0.142366 0.0925 1.56012 1.03255
0.142366 0.0975 1.55166 1.05373
0.142366 0.1025 1.54322 1.07491
0.142366 0.1075 1.53481 1.0961
0.142366 0.1125 1.52641 1.1173
0.142366 0.1175 1.51804 1.13849
0.142366 0.1225 1.50969 1.15968
0.142366 0.1275 1.50137 1.18086
0.142366 0.1325 1.49307 1.20204
0.142366 0.1375 1.4848 1.2232
0.142366 0.1425 1.47656 1.24435
0.142366 0.1475 1.46834 1.26549
0.142366 0.1525 1.46016 1.2866
0.142366 0.1575 1.45201 1.30769
0.142366 0.1625 1.44389 1.32875
0.142366 0.1675 1.43581 1.34978
0.142366 0.1725 1.42776 1.37078
0.142366 0.1775 1.41975 1.39174
0.142366 0.1825 1.41177 1.41266
0.142366 0.1875 1.40384 1.43354
0.142366 0.1925 1.39594 1.45437
0.142366 0.1975 1.38809 1.47515
0.142366 0.2025 1.38028 1.49587
0.142366 0.2075 1.37251 1.51653
0.142366 0.2125 1.36479 1.53712
0.142366 0.2175 1.35712 1.55764
0.142366 0.2225 1.3495 1.57808
0.142366 0.2275 1.34193 1.59844
0.142366 0.2325 1.33441 1.61872
0.142366 0.2375 1.32695 1.63889
0.142366 0.2425 1.31955 1.65897
0.142366 0.2475 1.31221 1.67894
0.142366 0.2525 1.30493 1.69879
0.142366 0.2575 1.29771 1.71851
0.142366 0.2625 1.29057 1.7381
0.142366 0.2675 1.2835 1.75755
0.142366 0.2725 1.2765 1.77685
0.142366 0.2775 1.26957 1.79599
0.142366 0.2825 1.26273 1.81495
0.142366 0.2875 1.25598 1.83373
0.142366 0.2925 1.24931 1.85231
0.142366 0.2975 1.24273 1.87068
0.142366 0.3025 1.23626 1.88883
0.142366 0.3075 1.22988 1.90674
0.142366 0.3125 1.22361 1.9244
0.142366 0.3175 1.21745 1.94179
0.142366 0.3225 1.2114 1.95889
0.142366 0.3275 1.20548 1.9757
0.142366 0.3325 1.19968 1.99219
0.142366 0.3375 1.19401 2.00834
0.142366 0.3425 1.18849 2.02413
0.142366 0.3475 1.1831 2.03955
0.142366 0.3525 1.17787 2.05458
0.142366 0.3575 1.17279 2.06919
0.142366 0.3625 1.16787 2.08337
0.142366 0.3675 1.16311 2.09709
0.142366 0.3725 1.15854 2.11034
0.142366 0.3775 1.15413 2.12311
0.142366 0.3825 1.14991 2.13536
0.142366 0.3875 1.14588 2.14709
0.142366 0.3925 1.14204 2.15828
0.142366 0.3975 1.1384 2.16892
0.142366 0.4025 1.13496 2.17899
0.142366 0.4075 1.13171 2.18849
0.142366 0.4125 1.12867 2.19741
0.142366 0.4175 1.12582 2.20576
0.142366 0.4225 1.12318 2.21352
0.142366 0.4275 1.12074 2.2207
0.142366 0.4325 1.11849 2.22732
0.142366 0.4375 1.11643 2.23337
0.142366 0.4425 1.11456 2.23888
0.142366 0.4475 1.11287 2.24387
0.142366 0.4525 1.11135 2.24834
0.142366 0.4575 1.10999 2.25234
0.142366 0.4625 1.10879 2.25588
0.142366 0.4675 1.10773 2.25899
0.142366 0.4725 1.10681 2.2617
0.142366 0.4775 1.10601 2.26404
0.142366 0.4825 1.10532 2.26605
0.142366 0.4875 1.10473 2.26775
0.142366 0.4925 1.10424 2.26918
0.142366 0.4975 1.10383 2.27037
0.142366 0.5025 1.10349 2.27134
0.142366 0.5075 1.10321 2.27213
0.142366 0.5125 1.10299 2.27275
0.142366 0.5175 1.10282 2.27324
0.142366 0.5225 1.10268 2.27361
0.142366 0.5275 1.10257 2.27388
0.142366 0.5325 1.10249 2.27407
0.142366 0.5375 1.10244 2.2742
0.142366 0.5425 1.1024 2.27427
0.142366 0.5475 1.10237 2.27431
0.142366 0.5525 1.10236 2.27431
0.142366 0.5575 1.10235 2.27429
0.142366 0.5625 1.10235 2.27424
0.142366 0.5675 1.10235 2.27419
0.142366 0.5725 1.10236 2.27413
0.142366 0.5775 1.10237 2.27406
0.142366 0.5825 1.10237 2.27398
0.142366 0.5875 1.10238 2.27391
0.142366 0.5925 1.10239 2.27384
0.142366 0.5975 1.1024 2.27377
0.142366 0.6025 1.10241 2.2737
0.142366 0.6075 1.10241 2.27363
0.142366 0.6125 1.10242 2.27356
0.142366 0.6175 1.10242 2.2735
0.142366 0.6225 1.10242 2.27344
0.142366 0.6275 1.10242 2.27339
0.142366 0.6325 1.10242 2.27333
0.142366 0.6375 1.10242 2.27328
0.142366 0.6425 1.10242 2.27323
0.142366 0.6475 1.10242 2.27319
0.142366 0.6525 1.10241 2.27314
0.142366 0.6575 1.10241 2.2731
0.142366 0.6625 1.1024 2.27306
0.142366 0.6675 1.1024 2.27302
0.142366 0.6725 1.10239 2.27298
0.142366 0.6775 1.10238 2.27294
0.142366 0.6825 1.10238 2.2729
0.142366 0.6875 1.10237 2.27286
0.142366 0.6925 1.10236 2.27283
0.142366 0.6975 1.10235 2.27279
0.142366 0.7025 1.10234 2.27276
0.142366 0.7075 1.10233 2.27272
0.142366 0.7125 1.10232 2.27269
0.142366 0.7175 1.1023 2.27266
0.142366 0.7225 1.10229 2.27262
0.142366 0.7275 1.10228 2.27259
0.142366 0.7325 1.10227 2.27255
0.142366 0.7375 1.10225 2.27252
0.142366 0.7425 1.10224 2.27249
0.142366 0.7475 1.10223 2.27245
0.142366 0.7525 1.10221 2.27242
0.142366 0.7575 1.1022 2.27238
0.142366 0.7625 1.10218 2.27235
0.142366 0.7675 1.10217 2.27231
0.142366 0.7725 1.10215 2.27228
0.142366 0.7775 1.10214 2.27224
0.142366 0.7825 1.10212 2.2722
0.142366 0.7875 1.10211 2.27216
0.142366 0.7925 1.10209 2.27213
0.142366 0.7975 1.10207 2.27209
0.142366 0.8025 1.10205 2.27205
0.142366 0.8075 1.10204 2.27201
0.142366 0.8125 1.10202 2.27196
0.142366 0.8175 1.102 2.27192
0.142366 0.8225 1.10198 2.27188
0.142366 0.8275 1.10196 2.27184
0.142366 0.8325 1.10195 2.27179
0.142366 0.8375 1.10193 2.27174
0.142366 0.8425 1.10191 2.2717
0.142366 0.8475 1.10189 2.27165
0.142366 0.8525 1.10187 2.2716
0.142366 0.8575 1.10184 2.27155
0.142366 0.8625 1.10182 2.2715
0.142366 0.8675 1.1018 2.27145
0.142366 0.8725 1.10178 2.27139
0.142366 0.8775 1.10176 2.27133
0.142366 0.8825 1.10173 2.27128
0.142366 0.8875 1.10171 2.27122
0.142366 0.8925 1.10169 2.27115
0.142366 0.8975 1.10167 2.27109
0.142366 0.9025 1.10164 2.27102
0.142366 0.9075 1.10162 2.27095
0.142366 0.9125 1.10159 2.27088
0.142366 0.9175 1.10157 2.27081
0.142366 0.9225 1.10154 2.27075
0.142366 0.9275 1.1015 2.2707
0.142366 0.9325 1.10146 2.27066
0.142366 0.9375 1.10142 2.27064
0.142366 0.9425 1.10136 2.27063
0.142366 0.9475 1.1013 2.27064
0.142366 0.9525 1.10123 2.27066
0.142366 0.9575 1.10116 2.2707
0.142366 0.9625 1.10109 2.27073
0.142366 0.9675 1.10102 2.27075
0.142366 0.9725 1.10095 2.27076
0.142366 0.9775 1.10089 2.27074
0.142366 0.9825 1.10083 2.2707
0.142366 0.9875 1.10078 2.27063
0.142366 0.9925 1.10074 2.27054
0.142366 0.9975 1.10074 2.27054

0.162589 0.0025 1.59755 0.939614
0.162589 0.0075 1.59755 0.939614
0.162589 0.0125 1.5922 0.952845
0.162589 0.0175 1.5853 0.969953
0.162589 0.0225 1.57796 0.988195
0.162589 0.0275 1.5705 1.00678
0.162589 0.0325 1.56301 1.02546
0.162589 0.0375 1.55553 1.04418
0.162589 0.0425 1.54806 1.06291
0.162589 0.0475 1.5406 1.08166
0.162589 0.0525 1.53316 1.1004
0.162589 0.0575 1.52574 1.11915
0.162589 0.0625 1.51834 1.1379
0.162589 0.0675 1.51095 1.15664
0.162589 0.0725 1.50359 1.17538
0.162589 0.0775 1.49624 1.19412
0.162589 0.0825 1.48892 1.21285
0.162589 0.0875 1.48161 1.23157
0.162589 0.0925 1.47433 1.25028
0.162589 0.0975 1.46707 1.26897
0.162589 0.1025 1.45983 1.28765
0.162589 0.1075 1.45262 1.30632
0.162589 0.1125 1.44544 1.32496
0.162589 0.1175 1.43828 1.34358
0.162589 0.1225 1.43114 1.36219
0.162589 0.1275 1.42403 1.38076
0.162589 0.1325 1.41696 1.39931
0.162589 0.1375 1.40991 1.41783
0.162589 0.1425 1.40289 1.43631
0.162589 0.1475 1.3959 1.45476
0.162589 0.1525 1.38894 1.47317
0.162589 0.1575 1.38201 1.49154
0.162589 0.1625 1.37512 1.50987
0.162589 0.1675 1.36826 1.52815
0.162589 0.1725 1.36144 1.54638
0.162589 0.1775 1.35466 1.56455
0.162589 0.1825 1.34791 1.58267
0.162589 0.1875 1.34121 1.60073
0.162589 0.1925 1.33454 1.61872
0.162589 0.1975 1.32792 1.63664
0.162589 0.2025 1.32134 1.65449
0.162589 0.2075 1.3148 1.67226
0.162589 0.2125 1.30831 1.68994
0.162589 0.2175 1.30188 1.70754
0.162589 0.2225 1.29549 1.72504
0.162589 0.2275 1.28915 1.74244
0.162589 0.2325 1.28287 1.75973
0.162589 0.2375 1.27664 1.7769
0.162589 0.2425 1.27048 1.79396
0.162589 0.2475 1.26437 1.81089
0.162589 0.2525 1.25833 1.82768
0.162589 0.2575 1.25235 1.84432
0.162589 0.2625 1.24645 1.86081
0.162589 0.2675 1.24061 1.87714
0.162589 0.2725 1.23485 1.8933
0.162589 0.2775 1.22917 1.90927
0.162589 0.2825 1.22358 1.92505
0.162589 0.2875 1.21806 1.94062
0.162589 0.2925 1.21264 1.95598
0.162589 0.2975 1.2073 1.97111
0.162589 0.3025 1.20207 1.98599
0.162589 0.3075 1.19693 2.00062
0.162589 0.3125 1.1919 2.01498
0.162589 0.3175 1.18698 2.02906
0.162589 0.3225 1.18218 2.04284
0.162589 0.3275 1.17749 2.05631
0.162589 0.3325 1.17292 2.06945
0.162589 0.3375 1.16848 2.08225
0.162589 0.3425 1.16418 2.09469
0.162589 0.3475 1.16001 2.10676
0.162589 0.3525 1.15598 2.11845
0.162589 0.3575 1.15209 2.12973
0.162589 0.3625 1.14835 2.1406
0.162589 0.3675 1.14477 2.15104
0.162589 0.3725 1.14134 2.16105
0.162589 0.3775 1.13807 2.1706
0.162589 0.3825 1.13496 2.1797
0.162589 0.3875 1.13201 2.18833
0.162589 0.3925 1.12923 2.19649
0.162589 0.3975 1.12661 2.20418
0.162589 0.4025 1.12416 2.21139
0.162589 0.4075 1.12187 2.21812
0.162589 0.4125 1.11974 2.22438
0.162589 0.4175 1.11777 2.23018
0.162589 0.4225 1.11596 2.23551
0.162589 0.4275 1.1143 2.2404
0.162589 0.4325 1.11279 2.24486
0.162589 0.4375 1.11142 2.24889
0.162589 0.4425 1.11019 2.25253
0.162589 0.4475 1.10909 2.25579
0.162589 0.4525 1.1081 2.25868
0.162589 0.4575 1.10723 2.26124
0.162589 0.4625 1.10647 2.26348
0.162589 0.4675 1.10581 2.26543
0.162589 0.4725 1.10523 2.26712
0.162589 0.4775 1.10474 2.26856
0.162589 0.4825 1.10431 2.26978
0.162589 0.4875 1.10396 2.27081
0.162589 0.4925 1.10366 2.27167
0.162589 0.4975 1.10342 2.27237
0.162589 0.5025 1.10322 2.27294
0.162589 0.5075 1.10305 2.27339
0.162589 0.5125 1.10292 2.27375
0.162589 0.5175 1.10282 2.27402
0.162589 0.5225 1.10274 2.27422
0.162589 0.5275 1.10268 2.27437
0.162589 0.5325 1.10264 2.27447
0.162589 0.5375 1.10261 2.27452
0.162589 0.5425 1.10259 2.27455
0.162589 0.5475 1.10258 2.27456
0.162589 0.5525 1.10257 2.27454
0.162589 0.5575 1.10257 2.27451
0.162589 0.5625 1.10257 2.27447
0.162589 0.5675 1.10257 2.27443
0.162589 0.5725 1.10258 2.27438
0.162589 0.5775 1.10258 2.27432
0.162589 0.5825 1.10259 2.27427
0.162589 0.5875 1.1026 2.27422
0.162589 0.5925 1.1026 2.27416
0.162589 0.5975 1.10261 2.27411
0.162589 0.6025 1.10261 2.27406
0.162589 0.6075 1.10261 2.27401
0.162589 0.6125 1.10262 2.27396
0.162589 0.6175 1.10262 2.27392
0.162589 0.6225 1.10262 2.27388
0.162589 0.6275 1.10262 2.27384
0.162589 0.6325 1.10262 2.2738
0.162589 0.6375 1.10262 2.27376
0.162589 0.6425 1.10262 2.27373
0.162589 0.6475 1.10261 2.27369
0.162589 0.6525 1.10261 2.27366
0.162589 0.6575 1.10261 2.27363
0.162589 0.6625 1.1026 2.2736
0.162589 0.6675 1.1026 2.27357
0.162589 0.6725 1.10259 2.27355
0.162589 0.6775 1.10258 2.27352
0.162589 0.6825 1.10258 2.27349
0.162589 0.6875 1.10257 2.27347
0.162589 0.6925 1.10256 2.27344
0.162589 0.6975 1.10256 2.27342
0.162589 0.7025 1.10255 2.2734
0.162589 0.7075 1.10254 2.27337
0.162589 0.7125 1.10253 2.27335
0.162589 0.7175 1.10252 2.27333
0.162589 0.7225 1.10251 2.2733
0.162589 0.7275 1.1025 2.27328
0.162589 0.7325 1.10249 2.27326
0.162589 0.7375 1.10248 2.27324
0.162589 0.7425 1.10247 2.27321
0.162589 0.7475 1.10246 2.27319
0.162589 0.7525 1.10245 2.27317
0.162589 0.7575 1.10244 2.27315
0.162589 0.7625 1.10243 2.27312
0.162589 0.7675 1.10242 2.2731
0.162589 0.7725 1.10241 2.27308
0.162589 0.7775 1.10239 2.27305
0.162589 0.7825 1.10238 2.27303
0.162589 0.7875 1.10237 2.273
0.162589 0.7925 1.10236 2.27298
0.162589 0.7975 1.10235 2.27295
0.162589 0.8025 1.10233 2.27293
0.162589 0.8075 1.10232 2.2729
0.162589 0.8125 1.10231 2.27287
0.162589 0.8175 1.10229 2.27285
0.162589 0.8225 1.10228 2.27282
0.162589 0.8275 1.10227 2.27279
0.162589 0.8325 1.10225 2.27276
0.162589 0.8375 1.10224 2.27273
0.162589 0.8425 1.10223 2.2727
0.162589 0.8475 1.10221 2.27267
0.162589 0.8525 1.1022 2.27264
0.162589 0.8575 1.10218 2.27261
0.162589 0.8625 1.10217 2.27258
0.162589 0.8675 1.10215 2.27254
0.162589 0.8725 1.10214 2.27251
0.162589 0.8775 1.10212 2.27248
0.162589 0.8825 1.1021 2.27246
0.162589 0.8875 1.10208 2.27243
0.162589 0.8925 1.10206 2.27241
0.162589 0.8975 1.10204 2.2724
0.162589 0.9025 1.10201 2.27239
0.162589 0.9075 1.10198 2.27239
0.162589 0.9125 1.10195 2.27239
0.162589 0.9175 1.10192 2.2724
0.162589 0.9225 1.10188 2.27242
0.162589 0.9275 1.10184 2.27244
0.162589 0.9325 1.1018 2.27247
0.162589 0.9375 1.10176 2.27249
0.162589 0.9425 1.10171 2.27252
0.162589 0.9475 1.10167 2.27254
0.162589 0.9525 1.10163 2.27255
0.162589 0.9575 1.10159 2.27256
0.162589 0.9625 1.10156 2.27256
0.162589 0.9675 1.10152 2.27254
0.162589 0.9725 1.10149 2.27252
0.162589 0.9775 1.10147 2.27249
0.162589 0.9825 1.10144 2.27244
0.162589 0.9875 1.10142 2.27239
0.162589 0.9925 1.1014 2.27233
0.162589 0.9975 1.1014 2.27233

0.182809 0.0025 1.51515 1.14616
0.182809 0.0075 1.51515 1.14616
0.182809 0.0125 1.51078 1.15725
0.182809 0.0175 1.50494 1.17211
0.182809 0.0225 1.49861 1.18826
0.182809 0.0275 1.49212 1.20484
0.182809 0.0325 1.48559 1.22156
0.182809 0.0375 1.47906 1.23832
0.182809 0.0425 1.47254 1.25508
0.182809 0.0475 1.46604 1.27185
0.182809 0.0525 1.45955 1.2886
0.182809 0.0575 1.45308 1.30535
0.182809 0.0625 1.44663 1.32207
0.182809 0.0675 1.4402 1.33879
0.182809 0.0725 1.4338 1.35548
0.182809 0.0775 1.42741 1.37216
0.182809 0.0825 1.42105 1.38882
0.182809 0.0875 1.4147 1.40546
0.182809 0.0925 1.40838 1.42207
0.182809 0.0975 1.40209 1.43866
0.182809 0.1025 1.39582 1.45522
0.182809 0.1075 1.38957 1.47175
0.182809 0.1125 1.38335 1.48826
0.182809 0.1175 1.37715 1.50473
0.182809 0.1225 1.37098 1.52116
0.182809 0.1275 1.36484 1.53756
0.182809 0.1325 1.35873 1.55392
0.182809 0.1375 1.35264 1.57024
0.182809 0.1425 1.34659 1.58651
0.182809 0.1475 1.34057 1.60274
0.182809 0.1525 1.33458 1.61891
0.182809 0.1575 1.32862 1.63504
0.182809 0.1625 1.32269 1.65111
0.182809 0.1675 1.3168 1.66711
0.182809 0.1725 1.31095 1.68306
0.182809 0.1775 1.30513 1.69894
0.182809 0.1825 1.29936 1.71475
0.182809 0.1875 1.29362 1.73048
0.182809 0.1925 1.28792 1.74614
0.182809 0.1975 1.28227 1.76171
0.182809 0.2025 1.27666 1.77719
0.182809 0.2075 1.27109 1.79258
0.182809 0.2125 1.26558 1.80787
0.182809 0.2175 1.26011 1.82306
0.182809 0.2225 1.2547 1.83813
0.182809 0.2275 1.24934 1.85309
0.182809 0.2325 1.24403 1.86793
0.182809 0.2375 1.23878 1.88263
0.182809 0.2425 1.23359 1.8972
0.182809 0.2475 1.22847 1.91163
0.182809 0.2525 1.22341 1.9259
0.182809 0.2575 1.21841 1.94
0.182809 0.2625 1.21349 1.95394
0.182809 0.2675 1.20864 1.9677
0.182809 0.2725 1.20387 1.98127
0.182809 0.2775 1.19917 1.99464
0.182809 0.2825 1.19456 2.0078
0.182809 0.2875 1.19003 2.02074
0.182809 0.2925 1.1856 2.03345
0.182809 0.2975 1.18125 2.04592
0.182809 0.3025 1.177 2.05813
0.182809 0.3075 1.17286 2.07008
0.182809 0.3125 1.16881 2.08176
0.182809 0.3175 1.16487 2.09314
0.182809 0.3225 1.16104 2.10423
0.182809 0.3275 1.15733 2.115
0.182809 0.3325 1.15373 2.12545
0.182809 0.3375 1.15025 2.13556
0.182809 0.3425 1.1469 2.14533
0.182809 0.3475 1.14367 2.15474
0.182809 0.3525 1.14057 2.16379
0.182809 0.3575 1.13761 2.17246
0.182809 0.3625 1.13478 2.18076
0.182809 0.3675 1.13208 2.18866
0.182809 0.3725 1.12952 2.19617
0.182809 0.3775 1.1271 2.20329
0.182809 0.3825 1.12482 2.21
0.182809 0.3875 1.12267 2.21632
0.182809 0.3925 1.12066 2.22223
0.182809 0.3975 1.11879 2.22776
0.182809 0.4025 1.11705 2.23289
0.182809 0.4075 1.11544 2.23763
0.182809 0.4125 1.11396 2.24201
0.182809 0.4175 1.1126 2.24601
0.182809 0.4225 1.11136 2.24967
0.182809 0.4275 1.11024 2.25299
0.182809 0.4325 1.10923 2.25598
0.182809 0.4375 1.10832 2.25866
0.182809 0.4425 1.1075 2.26106
0.182809 0.4475 1.10678 2.26318
0.182809 0.4525 1.10615 2.26505
0.182809 0.4575 1.10559 2.26669
0.182809 0.4625 1.10511 2.26811
0.182809 0.4675 1.10469 2.26934
0.182809 0.4725 1.10433 2.27039
0.182809 0.4775 1.10402 2.27128
0.182809 0.4825 1.10376 2.27202
0.182809 0.4875 1.10355 2.27265
0.182809 0.4925 1.10337 2.27316
0.182809 0.4975 1.10322 2.27357
0.182809 0.5025 1.1031 2.2739
0.182809 0.5075 1.103 2.27416
0.182809 0.5125 1.10293 2.27436
0.182809 0.5175 1.10287 2.27451
0.182809 0.5225 1.10283 2.27462
0.182809 0.5275 1.10279 2.27469
0.182809 0.5325 1.10277 2.27474
0.182809 0.5375 1.10275 2.27476
0.182809 0.5425 1.10274 2.27476
0.182809 0.5475 1.10274 2.27475
0.182809 0.5525 1.10274 2.27473
0.182809 0.5575 1.10274 2.2747
0.182809 0.5625 1.10274 2.27467
0.182809 0.5675 1.10274 2.27463
0.182809 0.5725 1.10275 2.27459
0.182809 0.5775 1.10275 2.27455
0.182809 0.5825 1.10275 2.27451
0.182809 0.5875 1.10276 2.27447
0.182809 0.5925 1.10276 2.27443
0.182809 0.5975 1.10276 2.27439
0.182809 0.6025 1.10277 2.27435
0.182809 0.6075 1.10277 2.27432
0.182809 0.6125 1.10277 2.27428
0.182809 0.6175 1.10277 2.27425
0.182809 0.6225 1.10277 2.27422
0.182809 0.6275 1.10277 2.27419
0.182809 0.6325 1.10277 2.27416
0.182809 0.6375 1.10277 2.27414
0.182809 0.6425 1.10276 2.27411
0.182809 0.6475 1.10276 2.27409
0.182809 0.6525 1.10276 2.27407
0.182809 0.6575 1.10275 2.27404
0.182809 0.6625 1.10275 2.27402
0.182809 0.6675 1.10274 2.274
0.182809 0.6725 1.10274 2.27398
0.182809 0.6775 1.10273 2.27397
0.182809 0.6825 1.10273 2.27395
0.182809 0.6875 1.10272 2.27393
0.182809 0.6925 1.10271 2.27391
0.182809 0.6975 1.10271 2.2739
0.182809 0.7025 1.1027 2.27388
0.182809 0.7075 1.10269 2.27386
0.182809 0.7125 1.10269 2.27385
0.182809 0.7175 1.10268 2.27383
0.182809 0.7225 1.10267 2.27382
0.182809 0.7275 1.10266 2.2738
0.182809 0.7325 1.10266 2.27379
0.182809 0.7375 1.10265 2.27377
0.182809 0.7425 1.10264 2.27376
0.182809 0.7475 1.10263 2.27374
0.182809 0.7525 1.10262 2.27373
0.182809 0.7575 1.10261 2.27371
0.182809 0.7625 1.1026 2.27369
0.182809 0.7675 1.1026 2.27368
0.182809 0.7725 1.10259 2.27366
0.182809 0.7775 1.10258 2.27365
0.182809 0.7825 1.10257 2.27363
0.182809 0.7875 1.10256 2.27361
0.182809 0.7925 1.10255 2.2736
0.182809 0.7975 1.10254 2.27358
0.182809 0.8025 1.10253 2.27356
0.182809 0.8075 1.10252 2.27354
0.182809 0.8125 1.10251 2.27353
0.182809 0.8175 1.1025 2.27351
0.182809 0.8225 1.10249 2.27349
0.182809 0.8275 1.10248 2.27347
0.182809 0.8325 1.10247 2.27346
0.182809 0.8375 1.10246 2.27344
0.182809 0.8425 1.10244 2.27343
0.182809 0.8475 1.10243 2.27341
0.182809 0.8525 1.10242 2.2734
0.182809 0.8575 1.1024 2.27339
0.182809 0.8625 1.10239 2.27339
0.182809 0.8675 1.10237 2.27338
0.182809 0.8725 1.10235 2.27339
0.182809 0.8775 1.10233 2.27339
0.182809 0.8825 1.1023 2.2734
0.182809 0.8875 1.10228 2.27341
0.182809 0.8925 1.10226 2.27343
0.182809 0.8975 1.10223 2.27345
0.182809 0.9025 1.1022 2.27347
0.182809 0.9075 1.10217 2.2735
0.182809 0.9125 1.10214 2.27353
0.182809 0.9175 1.10211 2.27355
0.182809 0.9225 1.10208 2.27358
0.182809 0.9275 1.10205 2.2736
0.182809 0.9325 1.10202 2.27362
0.182809 0.9375 1.102 2.27363
0.182809 0.9425 1.10197 2.27364
0.182809 0.9475 1.10194 2.27365
0.182809 0.9525 1.10192 2.27364
0.182809 0.9575 1.1019 2.27364
0.182809 0.9625 1.10188 2.27362
0.182809 0.9675 1.10186 2.2736
0.182809 0.9725 1.10184 2.27358
0.182809 0.9775 1.10183 2.27355
0.182809 0.9825 1.10181 2.27352
0.182809 0.9875 1.1018 2.27348
0.182809 0.9925 1.10178 2.27344
0.182809 0.9975 1.10178 2.27344

0.200198 0.0025 1.4581 1.29248
0.200198 0.0075 1.4581 1.29248
0.200198 0.0125 1.45441 1.30206
0.200198 0.0175 1.44932 1.31525
0.200198 0.0225 1.44372 1.3298
0.200198 0.0275 1.43794 1.34484
0.200198 0.0325 1.43211 1.36006
0.200198 0.0375 1.42626 1.37534
0.200198 0.0425 1.42042 1.39064
0.200198 0.0475 1.4146 1.40592
0.200198 0.0525 1.40879 1.42119
0.200198 0.0575 1.403 1.43644
0.200198 0.0625 1.39723 1.45167
0.200198 0.0675 1.39148 1.46688
0.200198 0.0725 1.38575 1.48207
0.200198 0.0775 1.38005 1.49723
0.200198 0.0825 1.37436 1.51236
0.200198 0.0875 1.3687 1.52747
0.200198 0.0925 1.36306 1.54254
0.200198 0.0975 1.35744 1.55758
0.200198 0.1025 1.35185 1.57259
0.200198 0.1075 1.34628 1.58756
0.200198 0.1125 1.34074 1.6025
0.200198 0.1175 1.33522 1.61739
0.200198 0.1225 1.32974 1.63224
0.200198 0.1275 1.32427 1.64705
0.200198 0.1325 1.31884 1.66181
0.200198 0.1375 1.31344 1.67652
0.200198 0.1425 1.30806 1.69118
0.200198 0.1475 1.30272 1.70578
0.200198 0.1525 1.29741 1.72032
0.200198 0.1575 1.29214 1.73481
0.200198 0.1625 1.28689 1.74922
0.200198 0.1675 1.28169 1.76357
0.200198 0.1725 1.27652 1.77785
0.200198 0.1775 1.27138 1.79205
0.200198 0.1825 1.26629 1.80617
0.200198 0.1875 1.26124 1.8202
0.200198 0.1925 1.25623 1.83415
0.200198 0.1975 1.25126 1.848
0.200198 0.2025 1.24634 1.86175
0.200198 0.2075 1.24146 1.8754
0.200198 0.2125 1.23664 1.88894
0.200198 0.2175 1.23186 1.90236
0.200198 0.2225 1.22714 1.91566
0.200198 0.2275 1.22247 1.92883
0.200198 0.2325 1.21786 1.94186
0.200198 0.2375 1.21331 1.95476
0.200198 0.2425 1.20882 1.9675
0.200198 0.2475 1.20439 1.98009
0.200198 0.2525 1.20003 1.99251
0.200198 0.2575 1.19573 2.00476
0.200198 0.2625 1.19151 2.01682
0.200198 0.2675 1.18736 2.0287
0.200198 0.2725 1.18329 2.04037
0.200198 0.2775 1.1793 2.05184
0.200198 0.2825 1.17539 2.06309
0.200198 0.2875 1.17157 2.07411
0.200198 0.2925 1.16783 2.08489
0.200198 0.2975 1.16419 2.09543
0.200198 0.3025 1.16064 2.1057
0.200198 0.3075 1.15719 2.11572
0.200198 0.3125 1.15384 2.12545
0.200198 0.3175 1.15059 2.1349
0.200198 0.3225 1.14745 2.14405
0.200198 0.3275 1.14441 2.1529
0.200198 0.3325 1.14149 2.16144
0.200198 0.3375 1.13868 2.16965
0.200198 0.3425 1.13599 2.17754
0.200198 0.3475 1.13341 2.1851
0.200198 0.3525 1.13095 2.19231
0.200198 0.3575 1.12861 2.19919
0.200198 0.3625 1.12639 2.20571
0.200198 0.3675 1.12429 2.21189
0.200198 0.3725 1.12231 2.21773
0.200198 0.3775 1.12045 2.22321
0.200198 0.3825 1.11871 2.22835
0.200198 0.3875 1.11708 2.23314
0.200198 0.3925 1.11557 2.2376
0.200198 0.3975 1.11417 2.24173
0.200198 0.4025 1.11288 2.24554
0.200198 0.4075 1.1117 2.24903
0.200198 0.4125 1.11062 2.25223
0.200198 0.4175 1.10964 2.25513
0.200198 0.4225 1.10875 2.25776
0.200198 0.4275 1.10795 2.26012
0.200198 0.4325 1.10723 2.26224
0.200198 0.4375 1.10659 2.26413
0.200198 0.4425 1.10603 2.2658
0.200198 0.4475 1.10553 2.26727
0.200198 0.4525 1.10509 2.26855
0.200198 0.4575 1.10471 2.26966
0.200198 0.4625 1.10439 2.27063
0.200198 0.4675 1.1041 2.27145
0.200198 0.4725 1.10386 2.27214
0.200198 0.4775 1.10366 2.27273
0.200198 0.4825 1.10349 2.27322
0.200198 0.4875 1.10335 2.27362
0.200198 0.4925 1.10324 2.27395
0.200198 0.4975 1.10314 2.27421
0.200198 0.5025 1.10307 2.27442
0.200198 0.5075 1.10301 2.27458
0.200198 0.5125 1.10296 2.2747
0.200198 0.5175 1.10292 2.27479
0.200198 0.5225 1.1029 2.27485
0.200198 0.5275 1.10288 2.27489
0.200198 0.5325 1.10286 2.27491
0.200198 0.5375 1.10286 2.27491
0.200198 0.5425 1.10285 2.2749
0.200198 0.5475 1.10285 2.27489
0.200198 0.5525 1.10285 2.27487
0.200198 0.5575 1.10285 2.27484
0.200198 0.5625 1.10285 2.27481
0.200198 0.5675 1.10285 2.27478
0.200198 0.5725 1.10286 2.27475
0.200198 0.5775 1.10286 2.27472
0.200198 0.5825 1.10286 2.27469
0.200198 0.5875 1.10287 2.27466
0.200198 0.5925 1.10287 2.27462
0.200198 0.5975 1.10287 2.2746
0.200198 0.6025 1.10287 2.27457
0.200198 0.6075 1.10287 2.27454
0.200198 0.6125 1.10287 2.27451
0.200198 0.6175 1.10287 2.27449
0.200198 0.6225 1.10287 2.27447
0.200198 0.6275 1.10287 2.27445
0.200198 0.6325 1.10287 2.27442
0.200198 0.6375 1.10287 2.27441
0.200198 0.6425 1.10286 2.27439
0.200198 0.6475 1.10286 2.27437
0.200198 0.6525 1.10286 2.27435
0.200198 0.6575 1.10285 2.27434
0.200198 0.6625 1.10285 2.27432
0.200198 0.6675 1.10284 2.27431
0.200198 0.6725 1.10284 2.27429
0.200198 0.6775 1.10283 2.27428
0.200198 0.6825 1.10283 2.27427
0.200198 0.6875 1.10282 2.27425
0.200198 0.6925 1.10282 2.27424
0.200198 0.6975 1.10281 2.27423
0.200198 0.7025 1.1028 2.27422
0.200198 0.7075 1.1028 2.27421
0.200198 0.7125 1.10279 2.27419
0.200198 0.7175 1.10279 2.27418
0.200198 0.7225 1.10278 2.27417
0.200198 0.7275 1.10277 2.27416
0.200198 0.7325 1.10277 2.27415
0.200198 0.7375 1.10276 2.27414
0.200198 0.7425 1.10275 2.27413
0.200198 0.7475 1.10274 2.27412
0.200198 0.7525 1.10274 2.2741
0.200198 0.7575 1.10273 2.27409
0.200198 0.7625 1.10272 2.27408
0.200198 0.7675 1.10271 2.27407
0.200198 0.7725 1.10271 2.27406
0.200198 0.7775 1.1027 2.27405
0.200198 0.7825 1.10269 2.27404
0.200198 0.7875 1.10268 2.27402
0.200198 0.7925 1.10267 2.27401
0.200198 0.7975 1.10266 2.274
0.200198 0.8025 1.10266 2.27399
0.200198 0.8075 1.10265 2.27398
0.200198 0.8125 1.10264 2.27397
0.200198 0.8175 1.10263 2.27397
0.200198 0.8225 1.10261 2.27396
0.200198 0.8275 1.1026 2.27396
0.200198 0.8325 1.10259 2.27395
0.200198 0.8375 1.10258 2.27395
0.200198 0.8425 1.10256 2.27396
0.200198 0.8475 1.10255 2.27396
0.200198 0.8525 1.10253 2.27397
0.200198 0.8575 1.10251 2.27398
0.200198 0.8625 1.10249 2.274
0.200198 0.8675 1.10247 2.27401
0.200198 0.8725 1.10245 2.27403
0.200198 0.8775 1.10243 2.27406
0.200198 0.8825 1.10241 2.27408
0.200198 0.8875 1.10238 2.27411
0.200198 0.8925 1.10236 2.27413
0.200198 0.8975 1.10233 2.27416
0.200198 0.9025 1.10231 2.27418
0.200198 0.9075 1.10229 2.27421
0.200198 0.9125 1.10226 2.27423
0.200198 0.9175 1.10224 2.27425
0.200198 0.9225 1.10222 2.27427
0.200198 0.9275 1.1022 2.27428
0.200198 0.9325 1.10218 2.27429
0.200198 0.9375 1.10216 2.27429
0.200198 0.9425 1.10214 2.27429
0.200198 0.9475 1.10212 2.27429
0.200198 0.9525 1.10211 2.27428
0.200198 0.9575 1.10209 2.27427
0.200198 0.9625 1.10208 2.27426
0.200198 0.9675 1.10207 2.27424
0.200198 0.9725 1.10206 2.27422
0.200198 0.9775 1.10204 2.27419
0.200198 0.9825 1.10203 2.27417
0.200198 0.9875 1.10202 2.27414
0.200198 0.9925 1.10201 2.27411
0.200198 0.9975 1.10201 2.27411

