0 0.0025 2 0
0 0.0075 2 0
0 0.0125 2 0
0 0.0175 2 0
0 0.0225 2 0
0 0.0275 2 0
0 0.0325 2 0
0 0.0375 2 0
0 0.0425 2 0
0 0.0475 2 0
0 0.0525 2 0
0 0.0575 2 0
0 0.0625 2 0
0 0.0675 2 0
0 0.0725 2 0
0 0.0775 2 0
0 0.0825 2 0
0 0.0875 2 0
0 0.0925 2 0
0 0.0975 2 0
0 0.1025 2 0
0 0.1075 2 0
0 0.1125 2 0
0 0.1175 2 0
0 0.1225 2 0
0 0.1275 2 0
0 0.1325 2 0
0 0.1375 2 0
0 0.1425 2 0
0 0.1475 2 0
0 0.1525 2 0
0 0.1575 2 0
0 0.1625 2 0
0 0.1675 2 0
0 0.1725 2 0
0 0.1775 2 0
0 0.1825 2 0
0 0.1875 2 0
0 0.1925 2 0
0 0.1975 2 0
0 0.2025 2 0
0 0.2075 2 0
0 0.2125 2 0
0 0.2175 2 0
0 0.2225 2 0
0 0.2275 2 0
0 0.2325 2 0
0 0.2375 2 0
0 0.2425 2 0
0 0.2475 2 0
0 0.2525 2 0
0 0.2575 2 0
0 0.2625 2 0
0 0.2675 2 0
0 0.2725 2 0
0 0.2775 2 0
0 0.2825 2 0
0 0.2875 2 0
0 0.2925 2 0
0 0.2975 2 0
0 0.3025 2 0
0 0.3075 2 0
0 0.3125 2 0
0 0.3175 2 0
0 0.3225 2 0
0 0.3275 2 0
0 0.3325 2 0
0 0.3375 2 0
0 0.3425 2 0
0 0.3475 2 0
0 0.3525 2 0
0 0.3575 2 0
0 0.3625 2 0
0 0.3675 2 0
0 0.3725 2 0
0 0.3775 2 0
0 0.3825 2 0
0 0.3875 2 0
0 0.3925 2 0
0 0.3975 2 0
0 0.4025 2 0
0 0.4075 2 0
0 0.4125 2 0
0 0.4175 2 0
0 0.4225 2 0
0 0.4275 2 0
0 0.4325 2 0
0 0.4375 2 0
0 0.4425 2 0
0 0.4475 2 0
0 0.4525 2 0
0 0.4575 2 0
0 0.4625 2 0
0 0.4675 2 0
0 0.4725 2 0
0 0.4775 2 0
0 0.4825 2 0
0 0.4875 2 0
0 0.4925 2 0
0 0.4975 2 0
0 0.5025 0.5 0
0 0.5075 0.5 0
0 0.5125 0.5 0
0 0.5175 0.5 0
0 0.5225 0.5 0
0 0.5275 0.5 0
0 0.5325 0.5 0
0 0.5375 0.5 0
0 0.5425 0.5 0
0 0.5475 0.5 0
0 0.5525 0.5 0
0 0.5575 0.5 0
0 0.5625 0.5 0
0 0.5675 0.5 0
0 0.5725 0.5 0
0 0.5775 0.5 0
0 0.5825 0.5 0
0 0.5875 0.5 0
0 0.5925 0.5 0
0 0.5975 0.5 0
0 0.6025 0.5 0
0 0.6075 0.5 0
0 0.6125 0.5 0
0 0.6175 0.5 0
0 0.6225 0.5 0
0 0.6275 0.5 0
0 0.6325 0.5 0
0 0.6375 0.5 0
0 0.6425 0.5 0
0 0.6475 0.5 0
0 0.6525 0.5 0
0 0.6575 0.5 0
0 0.6625 0.5 0
0 0.6675 0.5 0
0 0.6725 0.5 0
0 0.6775 0.5 0
0 0.6825 0.5 0
0 0.6875 0.5 0
0 0.6925 0.5 0
0 0.6975 0.5 0
0 0.7025 0.5 0
0 0.7075 0.5 0
0 0.7125 0.5 0
0 0.7175 0.5 0
0 0.7225 0.5 0
0 0.7275 0.5 0
0 0.7325 0.5 0
0 0.7375 0.5 0
0 0.7425 0.5 0
0 0.7475 0.5 0
0 0.7525 0.5 0
0 0.7575 0.5 0
0 0.7625 0.5 0
0 0.7675 0.5 0
0 0.7725 0.5 0
0 0.7775 0.5 0
0 0.7825 0.5 0
0 0.7875 0.5 0
0 0.7925 0.5 0
0 0.7975 0.5 0
0 0.8025 0.5 0
0 0.8075 0.5 0
0 0.8125 0.5 0
0 0.8175 0.5 0
0 0.8225 0.5 0
0 0.8275 0.5 0
0 0.8325 0.5 0
0 0.8375 0.5 0
0 0.8425 0.5 0
0 0.8475 0.5 0
0 0.8525 0.5 0
0 0.8575 0.5 0
0 0.8625 0.5 0
0 0.8675 0.5 0
0 0.8725 0.5 0
0 0.8775 0.5 0
0 0.8825 0.5 0
0 0.8875 0.5 0
0 0.8925 0.5 0
0 0.8975 0.5 0
0 0.9025 0.5 0
0 0.9075 0.5 0
0 0.9125 0.5 0
0 0.9175 0.5 0
0 0.9225 0.5 0
0 0.9275 0.5 0
0 0.9325 0.5 0
0 0.9375 0.5 0
0 0.9425 0.5 0
0 0.9475 0.5 0
0 0.9525 0.5 0
0 0.9575 0.5 0
0 0.9625 0.5 0
0 0.9675 0.5 0
0 0.9725 0.5 0
0 0.9775 0.5 0
0 0.9825 0.5 0
0 0.9875 0.5 0
0 0.9925 0.5 0
0 0.9975 0.5 0

0.00430453 0.0025 2 0
0.00430453 0.0075 2 0
0.00430453 0.0125 2 0
0.00430453 0.0175 2 0
0.00430453 0.0225 2 0
0.00430453 0.0275 2 0
0.00430453 0.0325 2 0
0.00430453 0.0375 2 0
0.00430453 0.0425 2 0
0.00430453 0.0475 2 0
0.00430453 0.0525 2 0
0.00430453 0.0575 2 0
0.00430453 0.0625 2 0
0.00430453 0.0675 2 0
0.00430453 0.0725 2 0
0.00430453 0.0775 2 0
0.00430453 0.0825 2 0
0.00430453 0.0875 2 0
0.00430453 0.0925 2 0
0.00430453 0.0975 2 0
0.00430453 0.1025 2 0
0.00430453 0.1075 2 0
0.00430453 0.1125 2 0
0.00430453 0.1175 2 0
0.00430453 0.1225 2 0
0.00430453 0.1275 2 0
0.00430453 0.1325 2 0
0.00430453 0.1375 2 0
0.00430453 0.1425 2 0
0.00430453 0.1475 2 0
0.00430453 0.1525 2 0
0.00430453 0.1575 2 0
0.00430453 0.1625 2 0
0.00430453 0.1675 2 0
0.00430453 0.1725 2 0
0.00430453 0.1775 2 0
0.00430453 0.1825 2 0
0.00430453 0.1875 2 0
0.00430453 0.1925 2 0
0.00430453 0.1975 2 0
0.00430453 0.2025 2 0
0.00430453 0.2075 2 0
0.00430453 0.2125 2 0
0.00430453 0.2175 2 0
0.00430453 0.2225 2 0
0.00430453 0.2275 2 0
0.00430453 0.2325 2 0
0.00430453 0.2375 2 0
0.00430453 0.2425 2 0
0.00430453 0.2475 2 0
0.00430453 0.2525 2 0
0.00430453 0.2575 2 0
0.00430453 0.2625 2 0
0.00430453 0.2675 2 0
0.00430453 0.2725 2 0
0.00430453 0.2775 2 0
0.00430453 0.2825 2 0
0.00430453 0.2875 2 0
0.00430453 0.2925 2 0
0.00430453 0.2975 2 0
0.00430453 0.3025 2 0
0.00430453 0.3075 2 0
0.00430453 0.3125 2 0
0.00430453 0.3175 2 0
0.00430453 0.3225 2 0
0.00430453 0.3275 2 0
0.00430453 0.3325 2 0
0.00430453 0.3375 2 0
0.00430453 0.3425 2 0
0.00430453 0.3475 2 0
0.00430453 0.3525 2 0
0.00430453 0.3575 2 0
0.00430453 0.3625 2 0
0.00430453 0.3675 2 0
0.00430453 0.3725 2 0
0.00430453 0.3775 2 0
0.00430453 0.3825 2 0
0.00430453 0.3875 2 0
0.00430453 0.3925 2 0
0.00430453 0.3975 2 0
0.00430453 0.4025 2 0
0.00430453 0.4075 2 0
0.00430453 0.4125 2 -8.78938e-17
0.00430453 0.4175 2 2.6385e-14
0.00430453 0.4225 2 -5.10856e-13
0.00430453 0.4275 2 6.44555e-11
0.00430453 0.4325 2 -9.64969e-10
0.00430453 0.4375 2 5.3047e-08
0.00430453 0.4425 2 -6.09725e-07
0.00430453 0.4475 2 1.62122e-05
0.00430453 0.4525 1.99994 -0.000138175
0.00430453 0.4575 2.00004 0.0019342
0.00430453 0.4625 1.9965 -0.0115308
0.00430453 0.4675 2.0041 0.0872018
0.00430453 0.4725 1.9238 -0.346157
0.00430453 0.4775 2.03278 1.12762
0.00430453 0.4825 1.63601 -2.72171
0.00430453 0.4875 1.11582 -3098.21
0.00430453 0.4925 1.38657 -261621
0.00430453 0.4975 1.35922 -1.61338e+07
0.00430453 0.5025 1.39569 1.66026e+07
0.00430453 0.5075 1.20533 -733669
0.00430453 0.5125 1.07298 7356.36
0.00430453 0.5175 0.798646 1.21663
0.00430453 0.5225 0.563784 0.148609
0.00430453 0.5275 0.507936 0.0171465
0.00430453 0.5325 0.500777 0.00153625
0.00430453 0.5375 0.500061 0.000128922
0.00430453 0.5425 0.500004 7.64596e-06
0.00430453 0.5475 0.5 4.46043e-07
0.00430453 0.5525 0.5 1.68955e-08
0.00430453 0.5575 0.5 6.43401e-10
0.00430453 0.5625 0.5 1.52946e-11
0.00430453 0.5675 0.5 3.55508e-13
0.00430453 0.5725 0.5 5.10847e-15
0.00430453 0.5775 0.5 5.91867e-17
0.00430453 0.5825 0.5 0
0.00430453 0.5875 0.5 0
0.00430453 0.5925 0.5 0
0.00430453 0.5975 0.5 0
0.00430453 0.6025 0.5 0
0.00430453 0.6075 0.5 0
0.00430453 0.6125 0.5 0
0.00430453 0.6175 0.5 0
0.00430453 0.6225 0.5 0
0.00430453 0.6275 0.5 0
0.00430453 0.6325 0.5 0
0.00430453 0.6375 0.5 0
0.00430453 0.6425 0.5 0
0.00430453 0.6475 0.5 0
0.00430453 0.6525 0.5 0
0.00430453 0.6575 0.5 0
0.00430453 0.6625 0.5 0
0.00430453 0.6675 0.5 0
0.00430453 0.6725 0.5 0
0.00430453 0.6775 0.5 0
0.00430453 0.6825 0.5 0
0.00430453 0.6875 0.5 0
0.00430453 0.6925 0.5 0
0.00430453 0.6975 0.5 0
0.00430453 0.7025 0.5 0
0.00430453 0.7075 0.5 0
0.00430453 0.7125 0.5 0
0.00430453 0.7175 0.5 0
0.00430453 0.7225 0.5 0
0.00430453 0.7275 0.5 0
0.00430453 0.7325 0.5 0
0.00430453 0.7375 0.5 0
0.00430453 0.7425 0.5 0
0.00430453 0.7475 0.5 0
0.00430453 0.7525 0.5 0
0.00430453 0.7575 0.5 0
0.00430453 0.7625 0.5 0
0.00430453 0.7675 0.5 0
0.00430453 0.7725 0.5 0
0.00430453 0.7775 0.5 0
0.00430453 0.7825 0.5 0
0.00430453 0.7875 0.5 0
0.00430453 0.7925 0.5 0
0.00430453 0.7975 0.5 0
0.00430453 0.8025 0.5 0
0.00430453 0.8075 0.5 0
0.00430453 0.8125 0.5 0
0.00430453 0.8175 0.5 0
0.00430453 0.8225 0.5 0
0.00430453 0.8275 0.5 0
0.00430453 0.8325 0.5 0
0.00430453 0.8375 0.5 0
0.00430453 0.8425 0.5 0
0.00430453 0.8475 0.5 0
0.00430453 0.8525 0.5 0
0.00430453 0.8575 0.5 0
0.00430453 0.8625 0.5 0
0.00430453 0.8675 0.5 0
0.00430453 0.8725 0.5 0
0.00430453 0.8775 0.5 0
0.00430453 0.8825 0.5 0
0.00430453 0.8875 0.5 0
0.00430453 0.8925 0.5 0
0.00430453 0.8975 0.5 0
0.00430453 0.9025 0.5 0
0.00430453 0.9075 0.5 0
0.00430453 0.9125 0.5 0
0.00430453 0.9175 0.5 0
0.00430453 0.9225 0.5 0
0.00430453 0.9275 0.5 0
0.00430453 0.9325 0.5 0
0.00430453 0.9375 0.5 0
0.00430453 0.9425 0.5 0
0.00430453 0.9475 0.5 0
0.00430453 0.9525 0.5 0
0.00430453 0.9575 0.5 0
0.00430453 0.9625 0.5 0
0.00430453 0.9675 0.5 0
0.00430453 0.9725 0.5 0
0.00430453 0.9775 0.5 0
0.00430453 0.9825 0.5 0
0.00430453 0.9875 0.5 0
0.00430453 0.9925 0.5 0
0.00430453 0.9975 0.5 0

0.00430453 0.0025 2 0
0.00430453 0.0075 2 0
0.00430453 0.0125 2 0
0.00430453 0.0175 2 0
0.00430453 0.0225 2 0
0.00430453 0.0275 2 0
0.00430453 0.0325 2 0
0.00430453 0.0375 2 0
0.00430453 0.0425 2 0
0.00430453 0.0475 2 0
0.00430453 0.0525 2 0
0.00430453 0.0575 2 0
0.00430453 0.0625 2 0
0.00430453 0.0675 2 0
0.00430453 0.0725 2 0
0.00430453 0.0775 2 0
0.00430453 0.0825 2 0
0.00430453 0.0875 2 0
0.00430453 0.0925 2 0
0.00430453 0.0975 2 0
0.00430453 0.1025 2 0
0.00430453 0.1075 2 0
0.00430453 0.1125 2 0
0.00430453 0.1175 2 0
0.00430453 0.1225 2 0
0.00430453 0.1275 2 0
0.00430453 0.1325 2 0
0.00430453 0.1375 2 0
0.00430453 0.1425 2 0
0.00430453 0.1475 2 0
0.00430453 0.1525 2 0
0.00430453 0.1575 2 0
0.00430453 0.1625 2 0
0.00430453 0.1675 2 0
0.00430453 0.1725 2 0
0.00430453 0.1775 2 0
0.00430453 0.1825 2 0
0.00430453 0.1875 2 0
0.00430453 0.1925 2 0
0.00430453 0.1975 2 0
0.00430453 0.2025 2 0
0.00430453 0.2075 2 0
0.00430453 0.2125 2 0
0.00430453 0.2175 2 0
0.00430453 0.2225 2 0
0.00430453 0.2275 2 0
0.00430453 0.2325 2 0
0.00430453 0.2375 2 0
0.00430453 0.2425 2 0
0.00430453 0.2475 2 0
0.00430453 0.2525 2 0
0.00430453 0.2575 2 0
0.00430453 0.2625 2 0
0.00430453 0.2675 2 0
0.00430453 0.2725 2 0
0.00430453 0.2775 2 0
0.00430453 0.2825 2 0
0.00430453 0.2875 2 0
0.00430453 0.2925 2 0
0.00430453 0.2975 2 0
0.00430453 0.3025 2 0
0.00430453 0.3075 2 0
0.00430453 0.3125 2 0
0.00430453 0.3175 2 0
0.00430453 0.3225 2 0
0.00430453 0.3275 2 0
0.00430453 0.3325 2 0
0.00430453 0.3375 2 0
0.00430453 0.3425 2 0
0.00430453 0.3475 2 0
0.00430453 0.3525 2 0
0.00430453 0.3575 2 0
0.00430453 0.3625 2 0
0.00430453 0.3675 2 0
0.00430453 0.3725 2 0
0.00430453 0.3775 2 0
0.00430453 0.3825 2 0
0.00430453 0.3875 2 0
0.00430453 0.3925 2 0
0.00430453 0.3975 2 0
0.00430453 0.4025 2 0
0.00430453 0.4075 2 0
0.00430453 0.4125 2 -8.78957e-17
0.00430453 0.4175 2 2.63853e-14
0.00430453 0.4225 2 -5.10862e-13
0.00430453 0.4275 2 6.4456e-11
0.00430453 0.4325 2 -9.64976e-10
0.00430453 0.4375 2 5.30472e-08
0.00430453 0.4425 2 -6.09727e-07
0.00430453 0.4475 2 1.62123e-05
0.00430453 0.4525 1.99994 -0.000138175
0.00430453 0.4575 2.00004 0.0019342
0.00430453 0.4625 1.9965 -0.0115308
0.00430453 0.4675 2.0041 0.0872019
0.00430453 0.4725 1.9238 -0.346157
0.00430453 0.4775 2.03278 -0.778523
0.00430453 0.4825 1.63328 6.40512e+07
0.00430453 0.4875 0.836629 -6.26379e+11
0.00430453 0.4925 1.36946 1.34179e+14
0.00430453 0.4975 1.42454 -2.75949e+15
0.00430453 0.5025 1.66393 2.24011e+15
0.00430453 0.5075 1.46004 1.31888e+13
0.00430453 0.5125 0.783161 1.44073e+12
0.00430453 0.5175 0.799229 528578
0.00430453 0.5225 0.563784 0.149452
0.00430453 0.5275 0.507936 0.0171465
0.00430453 0.5325 0.500777 0.00153625
0.00430453 0.5375 0.500061 0.000128922
0.00430453 0.5425 0.500004 7.64598e-06
0.00430453 0.5475 0.5 4.46044e-07
0.00430453 0.5525 0.5 1.68956e-08
0.00430453 0.5575 0.5 6.43403e-10
0.00430453 0.5625 0.5 1.52947e-11
0.00430453 0.5675 0.5 3.5551e-13
0.00430453 0.5725 0.5 5.1085e-15
0.00430453 0.5775 0.5 5.91872e-17
0.00430453 0.5825 0.5 0
0.00430453 0.5875 0.5 0
0.00430453 0.5925 0.5 0
0.00430453 0.5975 0.5 0
0.00430453 0.6025 0.5 0
0.00430453 0.6075 0.5 0
0.00430453 0.6125 0.5 0
0.00430453 0.6175 0.5 0
0.00430453 0.6225 0.5 0
0.00430453 0.6275 0.5 0
0.00430453 0.6325 0.5 0
0.00430453 0.6375 0.5 0
0.00430453 0.6425 0.5 0
0.00430453 0.6475 0.5 0
0.00430453 0.6525 0.5 0
0.00430453 0.6575 0.5 0
0.00430453 0.6625 0.5 0
0.00430453 0.6675 0.5 0
0.00430453 0.6725 0.5 0
0.00430453 0.6775 0.5 0
0.00430453 0.6825 0.5 0
0.00430453 0.6875 0.5 0
0.00430453 0.6925 0.5 0
0.00430453 0.6975 0.5 0
0.00430453 0.7025 0.5 0
0.00430453 0.7075 0.5 0
0.00430453 0.7125 0.5 0
0.00430453 0.7175 0.5 0
0.00430453 0.7225 0.5 0
0.00430453 0.7275 0.5 0
0.00430453 0.7325 0.5 0
0.00430453 0.7375 0.5 0
0.00430453 0.7425 0.5 0
0.00430453 0.7475 0.5 0
0.00430453 0.7525 0.5 0
0.00430453 0.7575 0.5 0
0.00430453 0.7625 0.5 0
0.00430453 0.7675 0.5 0
0.00430453 0.7725 0.5 0
0.00430453 0.7775 0.5 0
0.00430453 0.7825 0.5 0
0.00430453 0.7875 0.5 0
0.00430453 0.7925 0.5 0
0.00430453 0.7975 0.5 0
0.00430453 0.8025 0.5 0
0.00430453 0.8075 0.5 0
0.00430453 0.8125 0.5 0
0.00430453 0.8175 0.5 0
0.00430453 0.8225 0.5 0
0.00430453 0.8275 0.5 0
0.00430453 0.8325 0.5 0
0.00430453 0.8375 0.5 0
0.00430453 0.8425 0.5 0
0.00430453 0.8475 0.5 0
0.00430453 0.8525 0.5 0
0.00430453 0.8575 0.5 0
0.00430453 0.8625 0.5 0
0.00430453 0.8675 0.5 0
0.00430453 0.8725 0.5 0
0.00430453 0.8775 0.5 0
0.00430453 0.8825 0.5 0
0.00430453 0.8875 0.5 0
0.00430453 0.8925 0.5 0
0.00430453 0.8975 0.5 0
0.00430453 0.9025 0.5 0
0.00430453 0.9075 0.5 0
0.00430453 0.9125 0.5 0
0.00430453 0.9175 0.5 0
0.00430453 0.9225 0.5 0
0.00430453 0.9275 0.5 0
0.00430453 0.9325 0.5 0
0.00430453 0.9375 0.5 0
0.00430453 0.9425 0.5 0
0.00430453 0.9475 0.5 0
0.00430453 0.9525 0.5 0
0.00430453 0.9575 0.5 0
0.00430453 0.9625 0.5 0
0.00430453 0.9675 0.5 0
0.00430453 0.9725 0.5 0
0.00430453 0.9775 0.5 0
0.00430453 0.9825 0.5 0
0.00430453 0.9875 0.5 0
0.00430453 0.9925 0.5 0
0.00430453 0.9975 0.5 0

0.0129799 0.0025 2 0
0.0129799 0.0075 2 0
0.0129799 0.0125 2 0
0.0129799 0.0175 2 0
0.0129799 0.0225 2 0
0.0129799 0.0275 2 0
0.0129799 0.0325 2 0
0.0129799 0.0375 2 0
0.0129799 0.0425 2 0
0.0129799 0.0475 2 0
0.0129799 0.0525 2 0
0.0129799 0.0575 2 0
0.0129799 0.0625 2 0
0.0129799 0.0675 2 0
0.0129799 0.0725 2 0
0.0129799 0.0775 2 0
0.0129799 0.0825 2 0
0.0129799 0.0875 2 0
0.0129799 0.0925 2 0
0.0129799 0.0975 2 0
0.0129799 0.1025 2 0
0.0129799 0.1075 2 0
0.0129799 0.1125 2 0
0.0129799 0.1175 2 0
0.0129799 0.1225 2 0
0.0129799 0.1275 2 0
0.0129799 0.1325 2 0
0.0129799 0.1375 2 0
0.0129799 0.1425 2 0
0.0129799 0.1475 2 0
0.0129799 0.1525 2 0
0.0129799 0.1575 2 0
0.0129799 0.1625 2 0
0.0129799 0.1675 2 0
0.0129799 0.1725 2 0
0.0129799 0.1775 2 0
0.0129799 0.1825 2 0
0.0129799 0.1875 2 0
0.0129799 0.1925 2 0
0.0129799 0.1975 2 0
0.0129799 0.2025 2 0
0.0129799 0.2075 2 0
0.0129799 0.2125 2 0
0.0129799 0.2175 2 0
0.0129799 0.2225 2 0
0.0129799 0.2275 2 0
0.0129799 0.2325 2 0
0.0129799 0.2375 2 0
0.0129799 0.2425 2 0
0.0129799 0.2475 2 0
0.0129799 0.2525 2 0
0.0129799 0.2575 2 0
0.0129799 0.2625 2 0
0.0129799 0.2675 2 0
0.0129799 0.2725 2 0
0.0129799 0.2775 2 0
0.0129799 0.2825 2 0
0.0129799 0.2875 2 0
0.0129799 0.2925 2 0
0.0129799 0.2975 2 0
0.0129799 0.3025 2 0
0.0129799 0.3075 2 0
0.0129799 0.3125 2 0
0.0129799 0.3175 2 0
0.0129799 0.3225 2 0
0.0129799 0.3275 2 0
0.0129799 0.3325 2 0
0.0129799 0.3375 2 0
0.0129799 0.3425 2 0
0.0129799 0.3475 2 0
0.0129799 0.3525 2 -1.44372e-15
0.0129799 0.3575 2 6.76744e-14
0.0129799 0.3625 2 -1.47783e-12
0.0129799 0.3675 nan 0
0.0129799 0.3725 -nan 0
0.0129799 0.3775 nan 0
0.0129799 0.3825 -nan 0
0.0129799 0.3875 nan 0
0.0129799 0.3925 -nan 0
0.0129799 0.3975 nan 0
0.0129799 0.4025 -nan 0
0.0129799 0.4075 nan 0
0.0129799 0.4125 -nan 0
0.0129799 0.4175 nan 0
0.0129799 0.4225 -nan 0
0.0129799 0.4275 nan 0
0.0129799 0.4325 -nan 0
0.0129799 0.4375 nan 0
0.0129799 0.4425 -nan 0
0.0129799 0.4475 nan 0
0.0129799 0.4525 -nan 0
0.0129799 0.4575 nan 0
0.0129799 0.4625 -nan 0
0.0129799 0.4675 nan 0
0.0129799 0.4725 -nan 0
0.0129799 0.4775 nan 0
0.0129799 0.4825 -nan 0
0.0129799 0.4875 nan 0
0.0129799 0.4925 -nan 0
0.0129799 0.4975 nan 0
0.0129799 0.5025 nan 0
0.0129799 0.5075 -nan 0
0.0129799 0.5125 nan 0
0.0129799 0.5175 -nan 0
0.0129799 0.5225 nan 0
0.0129799 0.5275 -nan 0
0.0129799 0.5325 nan 0
0.0129799 0.5375 -nan 0
0.0129799 0.5425 nan 0
0.0129799 0.5475 -nan 0
0.0129799 0.5525 nan 0
0.0129799 0.5575 -nan 0
0.0129799 0.5625 nan 0
0.0129799 0.5675 -nan 0
0.0129799 0.5725 nan 0
0.0129799 0.5775 -nan 0
0.0129799 0.5825 nan 0
0.0129799 0.5875 -nan 0
0.0129799 0.5925 nan 0
0.0129799 0.5975 -nan 0
0.0129799 0.6025 nan 0
0.0129799 0.6075 -nan 0
0.0129799 0.6125 nan 0
0.0129799 0.6175 -nan 0
0.0129799 0.6225 nan 0
0.0129799 0.6275 -nan 0
0.0129799 0.6325 nan 0
0.0129799 0.6375 0.5 0
0.0129799 0.6425 0.5 0
0.0129799 0.6475 0.5 0
0.0129799 0.6525 0.5 0
0.0129799 0.6575 0.5 0
0.0129799 0.6625 0.5 0
0.0129799 0.6675 0.5 0
0.0129799 0.6725 0.5 0
0.0129799 0.6775 0.5 0
0.0129799 0.6825 0.5 0
0.0129799 0.6875 0.5 0
0.0129799 0.6925 0.5 0
0.0129799 0.6975 0.5 0
0.0129799 0.7025 0.5 0
0.0129799 0.7075 0.5 0
0.0129799 0.7125 0.5 0
0.0129799 0.7175 0.5 0
0.0129799 0.7225 0.5 0
0.0129799 0.7275 0.5 0
0.0129799 0.7325 0.5 0
0.0129799 0.7375 0.5 0
0.0129799 0.7425 0.5 0
0.0129799 0.7475 0.5 0
0.0129799 0.7525 0.5 0
0.0129799 0.7575 0.5 0
0.0129799 0.7625 0.5 0
0.0129799 0.7675 0.5 0
0.0129799 0.7725 0.5 0
0.0129799 0.7775 0.5 0
0.0129799 0.7825 0.5 0
0.0129799 0.7875 0.5 0
0.0129799 0.7925 0.5 0
0.0129799 0.7975 0.5 0
0.0129799 0.8025 0.5 0
0.0129799 0.8075 0.5 0
0.0129799 0.8125 0.5 0
0.0129799 0.8175 0.5 0
0.0129799 0.8225 0.5 0
0.0129799 0.8275 0.5 0
0.0129799 0.8325 0.5 0
0.0129799 0.8375 0.5 0
0.0129799 0.8425 0.5 0
0.0129799 0.8475 0.5 0
0.0129799 0.8525 0.5 0
0.0129799 0.8575 0.5 0
0.0129799 0.8625 0.5 0
0.0129799 0.8675 0.5 0
0.0129799 0.8725 0.5 0
0.0129799 0.8775 0.5 0
0.0129799 0.8825 0.5 0
0.0129799 0.8875 0.5 0
0.0129799 0.8925 0.5 0
0.0129799 0.8975 0.5 0
0.0129799 0.9025 0.5 0
0.0129799 0.9075 0.5 0
0.0129799 0.9125 0.5 0
0.0129799 0.9175 0.5 0
0.0129799 0.9225 0.5 0
0.0129799 0.9275 0.5 0
0.0129799 0.9325 0.5 0
0.0129799 0.9375 0.5 0
0.0129799 0.9425 0.5 0
0.0129799 0.9475 0.5 0
0.0129799 0.9525 0.5 0
0.0129799 0.9575 0.5 0
0.0129799 0.9625 0.5 0
0.0129799 0.9675 0.5 0
0.0129799 0.9725 0.5 0
0.0129799 0.9775 0.5 0
0.0129799 0.9825 0.5 0
0.0129799 0.9875 0.5 0
0.0129799 0.9925 0.5 0
0.0129799 0.9975 0.5 0

0.0383781 0.0025 2 0
0.0383781 0.0075 2 0
0.0383781 0.0125 2 0
0.0383781 0.0175 2 0
0.0383781 0.0225 2 0
0.0383781 0.0275 2 0
0.0383781 0.0325 2 0
0.0383781 0.0375 2 0
0.0383781 0.0425 2 0
0.0383781 0.0475 2 0
0.0383781 0.0525 2 0
0.0383781 0.0575 2 0
0.0383781 0.0625 2 0
0.0383781 0.0675 2 0
0.0383781 0.0725 2 0
0.0383781 0.0775 2 0
0.0383781 0.0825 2 0
0.0383781 0.0875 2 0
0.0383781 0.0925 2 0
0.0383781 0.0975 2 0
0.0383781 0.1025 2 0
0.0383781 0.1075 2 0
0.0383781 0.1125 2 0
0.0383781 0.1175 nan 0
0.0383781 0.1225 -nan 0
0.0383781 0.1275 nan 0
0.0383781 0.1325 -nan 0
0.0383781 0.1375 nan 0
0.0383781 0.1425 -nan 0
0.0383781 0.1475 nan 0
0.0383781 0.1525 -nan 0
0.0383781 0.1575 nan 0
0.0383781 0.1625 -nan 0
0.0383781 0.1675 nan 0
0.0383781 0.1725 -nan 0
0.0383781 0.1775 nan 0
0.0383781 0.1825 -nan 0
0.0383781 0.1875 nan 0
0.0383781 0.1925 -nan 0
0.0383781 0.1975 nan 0
0.0383781 0.2025 -nan 0
0.0383781 0.2075 nan 0
0.0383781 0.2125 -nan 0
0.0383781 0.2175 nan 0
0.0383781 0.2225 -nan 0
0.0383781 0.2275 nan 0
0.0383781 0.2325 -nan 0
0.0383781 0.2375 nan 0
0.0383781 0.2425 -nan 0
0.0383781 0.2475 nan 0
0.0383781 0.2525 -nan 0
0.0383781 0.2575 nan 0
0.0383781 0.2625 -nan 0
0.0383781 0.2675 nan 0
0.0383781 0.2725 -nan 0
0.0383781 0.2775 nan 0
0.0383781 0.2825 -nan 0
0.0383781 0.2875 nan 0
0.0383781 0.2925 -nan 0
0.0383781 0.2975 nan 0
0.0383781 0.3025 -nan 0
0.0383781 0.3075 nan 0
0.0383781 0.3125 -nan 0
0.0383781 0.3175 nan 0
0.0383781 0.3225 -nan 0
0.0383781 0.3275 nan 0
0.0383781 0.3325 -nan 0
0.0383781 0.3375 nan 0
0.0383781 0.3425 -nan 0
0.0383781 0.3475 nan 0
0.0383781 0.3525 -nan 0
0.0383781 0.3575 nan 0
0.0383781 0.3625 -nan 0
0.0383781 0.3675 nan 0
0.0383781 0.3725 -nan 0
0.0383781 0.3775 nan 0
0.0383781 0.3825 -nan 0
0.0383781 0.3875 nan 0
0.0383781 0.3925 -nan 0
0.0383781 0.3975 nan 0
0.0383781 0.4025 -nan 0
0.0383781 0.4075 nan 0
0.0383781 0.4125 -nan 0
0.0383781 0.4175 nan 0
0.0383781 0.4225 -nan 0
0.0383781 0.4275 nan 0
0.0383781 0.4325 -nan 0
0.0383781 0.4375 nan 0
0.0383781 0.4425 -nan 0
0.0383781 0.4475 nan 0
0.0383781 0.4525 -nan 0
0.0383781 0.4575 nan 0
0.0383781 0.4625 -nan 0
0.0383781 0.4675 nan 0
0.0383781 0.4725 -nan 0
0.0383781 0.4775 nan 0
0.0383781 0.4825 -nan 0
0.0383781 0.4875 nan 0
0.0383781 0.4925 -nan 0
0.0383781 0.4975 nan 0
0.0383781 0.5025 nan 0
0.0383781 0.5075 -nan 0
0.0383781 0.5125 nan 0
0.0383781 0.5175 -nan 0
0.0383781 0.5225 nan 0
0.0383781 0.5275 -nan 0
0.0383781 0.5325 nan 0
0.0383781 0.5375 -nan 0
0.0383781 0.5425 nan 0
0.0383781 0.5475 -nan 0
0.0383781 0.5525 nan 0
0.0383781 0.5575 -nan 0
0.0383781 0.5625 nan 0
0.0383781 0.5675 -nan 0
0.0383781 0.5725 nan 0
0.0383781 0.5775 -nan 0
0.0383781 0.5825 nan 0
0.0383781 0.5875 -nan 0
0.0383781 0.5925 nan 0
0.0383781 0.5975 -nan 0
0.0383781 0.6025 nan 0
0.0383781 0.6075 -nan 0
0.0383781 0.6125 nan 0
0.0383781 0.6175 -nan 0
0.0383781 0.6225 nan 0
0.0383781 0.6275 -nan 0
0.0383781 0.6325 nan 0
0.0383781 0.6375 -nan 0
0.0383781 0.6425 nan 0
0.0383781 0.6475 -nan 0
0.0383781 0.6525 nan 0
0.0383781 0.6575 -nan 0
0.0383781 0.6625 nan 0
0.0383781 0.6675 -nan 0
0.0383781 0.6725 nan 0
0.0383781 0.6775 -nan 0
0.0383781 0.6825 nan 0
0.0383781 0.6875 -nan 0
0.0383781 0.6925 nan 0
0.0383781 0.6975 -nan 0
0.0383781 0.7025 nan 0
0.0383781 0.7075 -nan 0
0.0383781 0.7125 nan 0
0.0383781 0.7175 -nan 0
0.0383781 0.7225 nan 0
0.0383781 0.7275 -nan 0
0.0383781 0.7325 nan 0
0.0383781 0.7375 -nan 0
0.0383781 0.7425 nan 0
0.0383781 0.7475 -nan 0
0.0383781 0.7525 nan 0
0.0383781 0.7575 -nan 0
0.0383781 0.7625 nan 0
0.0383781 0.7675 -nan 0
0.0383781 0.7725 nan 0
0.0383781 0.7775 -nan 0
0.0383781 0.7825 nan 0
0.0383781 0.7875 -nan 0
0.0383781 0.7925 nan 0
0.0383781 0.7975 -nan 0
0.0383781 0.8025 nan 0
0.0383781 0.8075 -nan 0
0.0383781 0.8125 nan 0
0.0383781 0.8175 -nan 0
0.0383781 0.8225 nan 0
0.0383781 0.8275 -nan 0
0.0383781 0.8325 nan 0
0.0383781 0.8375 -nan 0
0.0383781 0.8425 nan 0
0.0383781 0.8475 -nan 0
0.0383781 0.8525 nan 0
0.0383781 0.8575 -nan 0
0.0383781 0.8625 nan 0
0.0383781 0.8675 -nan 0
0.0383781 0.8725 nan 0
0.0383781 0.8775 -nan 0
0.0383781 0.8825 nan 0
0.0383781 0.8875 0.5 0
0.0383781 0.8925 0.5 0
0.0383781 0.8975 0.5 0
0.0383781 0.9025 0.5 0
0.0383781 0.9075 0.5 0
0.0383781 0.9125 0.5 0
0.0383781 0.9175 0.5 0
0.0383781 0.9225 0.5 0
0.0383781 0.9275 0.5 0
0.0383781 0.9325 0.5 0
0.0383781 0.9375 0.5 0
0.0383781 0.9425 0.5 0
0.0383781 0.9475 0.5 0
0.0383781 0.9525 0.5 0
0.0383781 0.9575 0.5 0
0.0383781 0.9625 0.5 0
0.0383781 0.9675 0.5 0
0.0383781 0.9725 0.5 0
0.0383781 0.9775 0.5 0
0.0383781 0.9825 0.5 0
0.0383781 0.9875 0.5 0
0.0383781 0.9925 0.5 0
0.0383781 0.9975 0.5 0

0.209553 0.0025 nan 0
0.209553 0.0075 nan 0
0.209553 0.0125 -nan 0
0.209553 0.0175 nan 0
0.209553 0.0225 -nan 0
0.209553 0.0275 nan 0
0.209553 0.0325 -nan 0
0.209553 0.0375 nan 0
0.209553 0.0425 -nan 0
0.209553 0.0475 nan 0
0.209553 0.0525 -nan 0
0.209553 0.0575 nan 0
0.209553 0.0625 -nan 0
0.209553 0.0675 nan 0
0.209553 0.0725 -nan 0
0.209553 0.0775 nan 0
0.209553 0.0825 -nan 0
0.209553 0.0875 nan 0
0.209553 0.0925 -nan 0
0.209553 0.0975 nan 0
0.209553 0.1025 -nan 0
0.209553 0.1075 nan 0
0.209553 0.1125 -nan 0
0.209553 0.1175 nan 0
0.209553 0.1225 -nan 0
0.209553 0.1275 nan 0
0.209553 0.1325 -nan 0
0.209553 0.1375 nan 0
0.209553 0.1425 -nan 0
0.209553 0.1475 nan 0
0.209553 0.1525 -nan 0
0.209553 0.1575 nan 0
0.209553 0.1625 -nan 0
0.209553 0.1675 nan 0
0.209553 0.1725 -nan 0
0.209553 0.1775 nan 0
0.209553 0.1825 -nan 0
0.209553 0.1875 nan 0
0.209553 0.1925 -nan 0
0.209553 0.1975 nan 0
0.209553 0.2025 -nan 0
0.209553 0.2075 nan 0
0.209553 0.2125 -nan 0
0.209553 0.2175 nan 0
0.209553 0.2225 -nan 0
0.209553 0.2275 nan 0
0.209553 0.2325 -nan 0
0.209553 0.2375 nan 0
0.209553 0.2425 -nan 0
0.209553 0.2475 nan 0
0.209553 0.2525 -nan 0
0.209553 0.2575 nan 0
0.209553 0.2625 -nan 0
0.209553 0.2675 nan 0
0.209553 0.2725 -nan 0
0.209553 0.2775 nan 0
0.209553 0.2825 -nan 0
0.209553 0.2875 nan 0
0.209553 0.2925 -nan 0
0.209553 0.2975 nan 0
0.209553 0.3025 -nan 0
0.209553 0.3075 nan 0
0.209553 0.3125 -nan 0
0.209553 0.3175 nan 0
0.209553 0.3225 -nan 0
0.209553 0.3275 nan 0
0.209553 0.3325 -nan 0
0.209553 0.3375 nan 0
0.209553 0.3425 -nan 0
0.209553 0.3475 nan 0
0.209553 0.3525 -nan 0
0.209553 0.3575 nan 0
0.209553 0.3625 -nan 0
0.209553 0.3675 nan 0
0.209553 0.3725 -nan 0
0.209553 0.3775 nan 0
0.209553 0.3825 -nan 0
0.209553 0.3875 nan 0
0.209553 0.3925 -nan 0
0.209553 0.3975 nan 0
0.209553 0.4025 -nan 0
0.209553 0.4075 nan 0
0.209553 0.4125 -nan 0
0.209553 0.4175 nan 0
0.209553 0.4225 -nan 0
0.209553 0.4275 nan 0
0.209553 0.4325 -nan 0
0.209553 0.4375 nan 0
0.209553 0.4425 -nan 0
0.209553 0.4475 nan 0
0.209553 0.4525 -nan 0
0.209553 0.4575 nan 0
0.209553 0.4625 -nan 0
0.209553 0.4675 nan 0
0.209553 0.4725 -nan 0
0.209553 0.4775 nan 0
0.209553 0.4825 -nan 0
0.209553 0.4875 nan 0
0.209553 0.4925 -nan 0
0.209553 0.4975 nan 0
0.209553 0.5025 nan 0
0.209553 0.5075 -nan 0
0.209553 0.5125 nan 0
0.209553 0.5175 -nan 0
0.209553 0.5225 nan 0
0.209553 0.5275 -nan 0
0.209553 0.5325 nan 0
0.209553 0.5375 -nan 0
0.209553 0.5425 nan 0
0.209553 0.5475 -nan 0
0.209553 0.5525 nan 0
0.209553 0.5575 -nan 0
0.209553 0.5625 nan 0
0.209553 0.5675 -nan 0
0.209553 0.5725 nan 0
0.209553 0.5775 -nan 0
0.209553 0.5825 nan 0
0.209553 0.5875 -nan 0
0.209553 0.5925 nan 0
0.209553 0.5975 -nan 0
0.209553 0.6025 nan 0
0.209553 0.6075 -nan 0
0.209553 0.6125 nan 0
0.209553 0.6175 -nan 0
0.209553 0.6225 nan 0
0.209553 0.6275 -nan 0
0.209553 0.6325 nan 0
0.209553 0.6375 -nan 0
0.209553 0.6425 nan 0
0.209553 0.6475 -nan 0
0.209553 0.6525 nan 0
0.209553 0.6575 -nan 0
0.209553 0.6625 nan 0
0.209553 0.6675 -nan 0
0.209553 0.6725 nan 0
0.209553 0.6775 -nan 0
0.209553 0.6825 nan 0
0.209553 0.6875 -nan 0
0.209553 0.6925 nan 0
0.209553 0.6975 -nan 0
0.209553 0.7025 nan 0
0.209553 0.7075 -nan 0
0.209553 0.7125 nan 0
0.209553 0.7175 -nan 0
0.209553 0.7225 nan 0
0.209553 0.7275 -nan 0
0.209553 0.7325 nan 0
0.209553 0.7375 -nan 0
0.209553 0.7425 nan 0
0.209553 0.7475 -nan 0
0.209553 0.7525 nan 0
0.209553 0.7575 -nan 0
0.209553 0.7625 nan 0
0.209553 0.7675 -nan 0
0.209553 0.7725 nan 0
0.209553 0.7775 -nan 0
0.209553 0.7825 nan 0
0.209553 0.7875 -nan 0
0.209553 0.7925 nan 0
0.209553 0.7975 -nan 0
0.209553 0.8025 nan 0
0.209553 0.8075 -nan 0
0.209553 0.8125 nan 0
0.209553 0.8175 -nan 0
0.209553 0.8225 nan 0
0.209553 0.8275 -nan 0
0.209553 0.8325 nan 0
0.209553 0.8375 -nan 0
0.209553 0.8425 nan 0
0.209553 0.8475 -nan 0
0.209553 0.8525 nan 0
0.209553 0.8575 -nan 0
0.209553 0.8625 nan 0
0.209553 0.8675 -nan 0
0.209553 0.8725 nan 0
0.209553 0.8775 -nan 0
0.209553 0.8825 nan 0
0.209553 0.8875 -nan 0
0.209553 0.8925 nan 0
0.209553 0.8975 -nan 0
0.209553 0.9025 nan 0
0.209553 0.9075 -nan 0
0.209553 0.9125 nan 0
0.209553 0.9175 -nan 0
0.209553 0.9225 nan 0
0.209553 0.9275 -nan 0
0.209553 0.9325 nan 0
0.209553 0.9375 -nan 0
0.209553 0.9425 nan 0
0.209553 0.9475 -nan 0
0.209553 0.9525 nan 0
0.209553 0.9575 -nan 0
0.209553 0.9625 nan 0
0.209553 0.9675 -nan 0
0.209553 0.9725 nan 0
0.209553 0.9775 -nan 0
0.209553 0.9825 nan 0
0.209553 0.9875 -nan 0
0.209553 0.9925 nan 0
0.209553 0.9975 nan 0

