0 0.0025 2 0
0 0.0075 2 0
0 0.0125 2 0
0 0.0175 2 0
0 0.0225 2 0
0 0.0275 2 0
0 0.0325 2 0
0 0.0375 2 0
0 0.0425 2 0
0 0.0475 2 0
0 0.0525 2 0
0 0.0575 2 0
0 0.0625 2 0
0 0.0675 2 0
0 0.0725 2 0
0 0.0775 2 0
0 0.0825 2 0
0 0.0875 2 0
0 0.0925 2 0
0 0.0975 2 0
0 0.1025 2 0
0 0.1075 2 0
0 0.1125 2 0
0 0.1175 2 0
0 0.1225 2 0
0 0.1275 2 0
0 0.1325 2 0
0 0.1375 2 0
0 0.1425 2 0
0 0.1475 2 0
0 0.1525 2 0
0 0.1575 2 0
0 0.1625 2 0
0 0.1675 2 0
0 0.1725 2 0
0 0.1775 2 0
0 0.1825 2 0
0 0.1875 2 0
0 0.1925 2 0
0 0.1975 2 0
0 0.2025 2 0
0 0.2075 2 0
0 0.2125 2 0
0 0.2175 2 0
0 0.2225 2 0
0 0.2275 2 0
0 0.2325 2 0
0 0.2375 2 0
0 0.2425 2 0
0 0.2475 2 0
0 0.2525 2 0
0 0.2575 2 0
0 0.2625 2 0
0 0.2675 2 0
0 0.2725 2 0
0 0.2775 2 0
0 0.2825 2 0
0 0.2875 2 0
0 0.2925 2 0
0 0.2975 2 0
0 0.3025 2 0
0 0.3075 2 0
0 0.3125 2 0
0 0.3175 2 0
0 0.3225 2 0
0 0.3275 2 0
0 0.3325 2 0
0 0.3375 2 0
0 0.3425 2 0
0 0.3475 2 0
0 0.3525 2 0
0 0.3575 2 0
0 0.3625 2 0
0 0.3675 2 0
0 0.3725 2 0
0 0.3775 2 0
0 0.3825 2 0
0 0.3875 2 0
0 0.3925 2 0
0 0.3975 2 0
0 0.4025 2 0
0 0.4075 2 0
0 0.4125 2 0
0 0.4175 2 0
0 0.4225 2 0
0 0.4275 2 0
0 0.4325 2 0
0 0.4375 2 0
0 0.4425 2 0
0 0.4475 2 0
0 0.4525 2 0
0 0.4575 2 0
0 0.4625 2 0
0 0.4675 2 0
0 0.4725 2 0
0 0.4775 2 0
0 0.4825 2 0
0 0.4875 2 0
0 0.4925 2 0
0 0.4975 2 0
0 0.5025 0.5 0
0 0.5075 0.5 0
0 0.5125 0.5 0
0 0.5175 0.5 0
0 0.5225 0.5 0
0 0.5275 0.5 0
0 0.5325 0.5 0
0 0.5375 0.5 0
0 0.5425 0.5 0
0 0.5475 0.5 0
0 0.5525 0.5 0
0 0.5575 0.5 0
0 0.5625 0.5 0
0 0.5675 0.5 0
0 0.5725 0.5 0
0 0.5775 0.5 0
0 0.5825 0.5 0
0 0.5875 0.5 0
0 0.5925 0.5 0
0 0.5975 0.5 0
0 0.6025 0.5 0
0 0.6075 0.5 0
0 0.6125 0.5 0
0 0.6175 0.5 0
0 0.6225 0.5 0
0 0.6275 0.5 0
0 0.6325 0.5 0
0 0.6375 0.5 0
0 0.6425 0.5 0
0 0.6475 0.5 0
0 0.6525 0.5 0
0 0.6575 0.5 0
0 0.6625 0.5 0
0 0.6675 0.5 0
0 0.6725 0.5 0
0 0.6775 0.5 0
0 0.6825 0.5 0
0 0.6875 0.5 0
0 0.6925 0.5 0
0 0.6975 0.5 0
0 0.7025 0.5 0
0 0.7075 0.5 0
0 0.7125 0.5 0
0 0.7175 0.5 0
0 0.7225 0.5 0
0 0.7275 0.5 0
0 0.7325 0.5 0
0 0.7375 0.5 0
0 0.7425 0.5 0
0 0.7475 0.5 0
0 0.7525 0.5 0
0 0.7575 0.5 0
0 0.7625 0.5 0
0 0.7675 0.5 0
0 0.7725 0.5 0
0 0.7775 0.5 0
0 0.7825 0.5 0
0 0.7875 0.5 0
0 0.7925 0.5 0
0 0.7975 0.5 0
0 0.8025 0.5 0
0 0.8075 0.5 0
0 0.8125 0.5 0
0 0.8175 0.5 0
0 0.8225 0.5 0
0 0.8275 0.5 0
0 0.8325 0.5 0
0 0.8375 0.5 0
0 0.8425 0.5 0
0 0.8475 0.5 0
0 0.8525 0.5 0
0 0.8575 0.5 0
0 0.8625 0.5 0
0 0.8675 0.5 0
0 0.8725 0.5 0
0 0.8775 0.5 0
0 0.8825 0.5 0
0 0.8875 0.5 0
0 0.8925 0.5 0
0 0.8975 0.5 0
0 0.9025 0.5 0
0 0.9075 0.5 0
0 0.9125 0.5 0
0 0.9175 0.5 0
0 0.9225 0.5 0
0 0.9275 0.5 0
0 0.9325 0.5 0
0 0.9375 0.5 0
0 0.9425 0.5 0
0 0.9475 0.5 0
0 0.9525 0.5 0
0 0.9575 0.5 0
0 0.9625 0.5 0
0 0.9675 0.5 0
0 0.9725 0.5 0
0 0.9775 0.5 0
0 0.9825 0.5 0
0 0.9875 0.5 0
0 0.9925 0.5 0
0 0.9975 0.5 0

0.020697 0.0025 2 0
0.020697 0.0075 2 0
0.020697 0.0125 2 0
0.020697 0.0175 2 0
0.020697 0.0225 2 0
0.020697 0.0275 2 0
0.020697 0.0325 2 0
0.020697 0.0375 2 0
0.020697 0.0425 2 0
0.020697 0.0475 2 0
0.020697 0.0525 2 0
0.020697 0.0575 2 0
0.020697 0.0625 2 0
0.020697 0.0675 2 0
0.020697 0.0725 2 0
0.020697 0.0775 2 0
0.020697 0.0825 2 0
0.020697 0.0875 2 0
0.020697 0.0925 2 0
0.020697 0.0975 2 0
0.020697 0.1025 2 0
0.020697 0.1075 2 0
0.020697 0.1125 2 0
0.020697 0.1175 2 0
0.020697 0.1225 2 0
0.020697 0.1275 2 0
0.020697 0.1325 2 0
0.020697 0.1375 2 0
0.020697 0.1425 2 0
0.020697 0.1475 2 0
0.020697 0.1525 2 0
0.020697 0.1575 2 0
0.020697 0.1625 2 0
0.020697 0.1675 2 0
0.020697 0.1725 2 0
0.020697 0.1775 2 0
0.020697 0.1825 2 0
0.020697 0.1875 2 0
0.020697 0.1925 2 0
0.020697 0.1975 2 0
0.020697 0.2025 2 0
0.020697 0.2075 2 0
0.020697 0.2125 2 0
0.020697 0.2175 2 0
0.020697 0.2225 2 0
0.020697 0.2275 2 0
0.020697 0.2325 2 0
0.020697 0.2375 2 0
0.020697 0.2425 2 0
0.020697 0.2475 2 0
0.020697 0.2525 2 0
0.020697 0.2575 2 0
0.020697 0.2625 2 0
0.020697 0.2675 2 0
0.020697 0.2725 2 4.31018e-16
0.020697 0.2775 2 6.46531e-15
0.020697 0.2825 2 8.34744e-14
0.020697 0.2875 2 9.1319e-13
0.020697 0.2925 2 8.53438e-12
0.020697 0.2975 2 6.92255e-11
0.020697 0.3025 2 4.93389e-10
0.020697 0.3075 2 3.11931e-09
0.020697 0.3125 2 1.76285e-08
0.020697 0.3175 2 8.96225e-08
0.020697 0.3225 2 4.12051e-07
0.020697 0.3275 2 1.72084e-06
0.020697 0.3325 2 6.55244e-06
0.020697 0.3375 1.99999 2.28197e-05
0.020697 0.3425 1.99997 7.28817e-05
0.020697 0.3475 1.9999 0.000213954
0.020697 0.3525 1.99974 0.00057845
0.020697 0.3575 1.99935 0.00144285
0.020697 0.3625 1.9985 0.00332598
0.020697 0.3675 1.9968 0.00709832
0.020697 0.3725 1.99366 0.0140568
0.020697 0.3775 1.98831 0.0259031
0.020697 0.3825 1.9799 0.044581
0.020697 0.3875 1.96758 0.0719917
0.020697 0.3925 1.95069 0.109674
0.020697 0.3975 1.92887 0.158565
0.020697 0.4025 1.90208 0.218917
0.020697 0.4075 1.87059 0.290365
0.020697 0.4125 1.83487 0.372091
0.020697 0.4175 1.79551 0.463013
0.020697 0.4225 1.75315 0.561942
0.020697 0.4275 1.70841 0.667698
0.020697 0.4325 1.66185 0.779174
0.020697 0.4375 1.61398 0.895361
0.020697 0.4425 1.56528 1.01535
0.020697 0.4475 1.51612 1.13831
0.020697 0.4525 1.4669 1.26345
0.020697 0.4575 1.41794 1.38997
0.020697 0.4625 1.36963 1.517
0.020697 0.4675 1.32234 1.6435
0.020697 0.4725 1.2766 1.76808
0.020697 0.4775 1.23306 1.88877
0.020697 0.4825 1.19268 2.00264
0.020697 0.4875 1.15688 2.10527
0.020697 0.4925 1.1276 2.19034
0.020697 0.4975 1.10711 2.25041
0.020697 0.5025 1.09663 2.28104
0.020697 0.5075 1.09419 2.28761
0.020697 0.5125 1.09505 2.28427
0.020697 0.5175 1.09599 2.28058
0.020697 0.5225 1.09665 2.27764
0.020697 0.5275 1.0971 2.27522
0.020697 0.5325 1.0974 2.27314
0.020697 0.5375 1.09756 2.27126
0.020697 0.5425 1.09761 2.26947
0.020697 0.5475 1.09751 2.26759
0.020697 0.5525 1.09715 2.26522
0.020697 0.5575 1.09618 2.26121
0.020697 0.5625 1.09349 2.25226
0.020697 0.5675 1.08612 2.22934
0.020697 0.5725 1.06665 2.16972
0.020697 0.5775 1.01971 2.02397
0.020697 0.5825 0.924268 1.71338
0.020697 0.5875 0.777541 1.1888
0.020697 0.5925 0.62781 0.578042
0.020697 0.5975 0.538798 0.176468
0.020697 0.6025 0.508671 0.0387726
0.020697 0.6075 0.501697 0.00753451
0.020697 0.6125 0.500316 0.00139939
0.020697 0.6175 0.500057 0.000251641
0.020697 0.6225 0.50001 4.37111e-05
0.020697 0.6275 0.500002 7.29683e-06
0.020697 0.6325 0.5 1.16421e-06
0.020697 0.6375 0.5 1.76607e-07
0.020697 0.6425 0.5 2.5348e-08
0.020697 0.6475 0.5 3.42662e-09
0.020697 0.6525 0.5 4.3443e-10
0.020697 0.6575 0.5 5.14443e-11
0.020697 0.6625 0.5 5.66759e-12
0.020697 0.6675 0.5 5.78435e-13
0.020697 0.6725 0.5 5.42731e-14
0.020697 0.6775 0.5 4.59758e-15
0.020697 0.6825 0.5 4.31021e-16
0.020697 0.6875 0.5 0
0.020697 0.6925 0.5 0
0.020697 0.6975 0.5 0
0.020697 0.7025 0.5 0
0.020697 0.7075 0.5 0
0.020697 0.7125 0.5 0
0.020697 0.7175 0.5 0
0.020697 0.7225 0.5 0
0.020697 0.7275 0.5 0
0.020697 0.7325 0.5 0
0.020697 0.7375 0.5 0
0.020697 0.7425 0.5 0
0.020697 0.7475 0.5 0
0.020697 0.7525 0.5 0
0.020697 0.7575 0.5 0
0.020697 0.7625 0.5 0
0.020697 0.7675 0.5 0
0.020697 0.7725 0.5 0
0.020697 0.7775 0.5 0
0.020697 0.7825 0.5 0
0.020697 0.7875 0.5 0
0.020697 0.7925 0.5 0
0.020697 0.7975 0.5 0
0.020697 0.8025 0.5 0
0.020697 0.8075 0.5 0
0.020697 0.8125 0.5 0
0.020697 0.8175 0.5 0
0.020697 0.8225 0.5 0
0.020697 0.8275 0.5 0
0.020697 0.8325 0.5 0
0.020697 0.8375 0.5 0
0.020697 0.8425 0.5 0
0.020697 0.8475 0.5 0
0.020697 0.8525 0.5 0
0.020697 0.8575 0.5 0
0.020697 0.8625 0.5 0
0.020697 0.8675 0.5 0
0.020697 0.8725 0.5 0
0.020697 0.8775 0.5 0
0.020697 0.8825 0.5 0
0.020697 0.8875 0.5 0
0.020697 0.8925 0.5 0
0.020697 0.8975 0.5 0
0.020697 0.9025 0.5 0
0.020697 0.9075 0.5 0
0.020697 0.9125 0.5 0
0.020697 0.9175 0.5 0
0.020697 0.9225 0.5 0
0.020697 0.9275 0.5 0
0.020697 0.9325 0.5 0
0.020697 0.9375 0.5 0
0.020697 0.9425 0.5 0
0.020697 0.9475 0.5 0
0.020697 0.9525 0.5 0
0.020697 0.9575 0.5 0
0.020697 0.9625 0.5 0
0.020697 0.9675 0.5 0
0.020697 0.9725 0.5 0
0.020697 0.9775 0.5 0
0.020697 0.9825 0.5 0
0.020697 0.9875 0.5 0
0.020697 0.9925 0.5 0
0.020697 0.9975 0.5 0

0.0409097 0.0025 2 0
0.0409097 0.0075 2 0
0.0409097 0.0125 2 0
0.0409097 0.0175 2 0
0.0409097 0.0225 2 0
0.0409097 0.0275 2 0
0.0409097 0.0325 2 0
0.0409097 0.0375 2 0
0.0409097 0.0425 2 0
0.0409097 0.0475 2 0
0.0409097 0.0525 2 0
0.0409097 0.0575 2 0
0.0409097 0.0625 2 0
0.0409097 0.0675 2 0
0.0409097 0.0725 2 0
0.0409097 0.0775 2 0
0.0409097 0.0825 2 0
0.0409097 0.0875 2 0
0.0409097 0.0925 2 0
0.0409097 0.0975 2 0
0.0409097 0.1025 2 0
0.0409097 0.1075 2 0
0.0409097 0.1125 2 0
0.0409097 0.1175 2 0
0.0409097 0.1225 2 5.74349e-16
0.0409097 0.1275 2 3.30251e-15
0.0409097 0.1325 2 1.72305e-14
0.0409097 0.1375 2 8.47166e-14
0.0409097 0.1425 2 3.9142e-13
0.0409097 0.1475 2 1.71558e-12
0.0409097 0.1525 2 7.17177e-12
0.0409097 0.1575 2 2.86052e-11
0.0409097 0.1625 2 1.08963e-10
0.0409097 0.1675 2 3.96684e-10
0.0409097 0.1725 2 1.38119e-09
0.0409097 0.1775 2 4.60249e-09
0.0409097 0.1825 2 1.46865e-08
0.0409097 0.1875 2 4.49019e-08
0.0409097 0.1925 2 1.31599e-07
0.0409097 0.1975 2 3.69893e-07
0.0409097 0.2025 2 9.97505e-07
0.0409097 0.2075 2 2.58184e-06
0.0409097 0.2125 2 6.416e-06
0.0409097 0.2175 1.99999 1.53127e-05
0.0409097 0.2225 1.99998 3.51078e-05
0.0409097 0.2275 1.99997 7.73443e-05
0.0409097 0.2325 1.99993 0.000163764
0.0409097 0.2375 1.99985 0.00033332
0.0409097 0.2425 1.99971 0.000652301
0.0409097 0.2475 1.99945 0.00122765
0.0409097 0.2525 1.999 0.00222259
0.0409097 0.2575 1.99825 0.00387222
0.0409097 0.2625 1.99707 0.00649509
0.0409097 0.2675 1.99526 0.010496
0.0409097 0.2725 1.99262 0.0163556
0.0409097 0.2775 1.9889 0.0246042
0.0409097 0.2825 1.98387 0.0357824
0.0409097 0.2875 1.97729 0.0503946
0.0409097 0.2925 1.969 0.0688636
0.0409097 0.2975 1.95886 0.091496
0.0409097 0.3025 1.9468 0.118464
0.0409097 0.3075 1.93284 0.149802
0.0409097 0.3125 1.91702 0.185426
0.0409097 0.3175 1.89946 0.225151
0.0409097 0.3225 1.88028 0.26872
0.0409097 0.3275 1.85965 0.315833
0.0409097 0.3325 1.83773 0.36617
0.0409097 0.3375 1.81468 0.419407
0.0409097 0.3425 1.79066 0.47523
0.0409097 0.3475 1.76583 0.533343
0.0409097 0.3525 1.74031 0.593476
0.0409097 0.3575 1.71423 0.655381
0.0409097 0.3625 1.6877 0.718838
0.0409097 0.3675 1.66081 0.783647
0.0409097 0.3725 1.63365 0.849634
0.0409097 0.3775 1.6063 0.916641
0.0409097 0.3825 1.57883 0.984527
0.0409097 0.3875 1.55129 1.05316
0.0409097 0.3925 1.52374 1.12244
0.0409097 0.3975 1.49623 1.19223
0.0409097 0.4025 1.4688 1.26245
0.0409097 0.4075 1.4415 1.33298
0.0409097 0.4125 1.41439 1.40372
0.0409097 0.4175 1.38749 1.47456
0.0409097 0.4225 1.36086 1.54537
0.0409097 0.4275 1.33455 1.616
0.0409097 0.4325 1.30864 1.68627
0.0409097 0.4375 1.28319 1.75595
0.0409097 0.4425 1.2583 1.82477
0.0409097 0.4475 1.23411 1.89232
0.0409097 0.4525 1.21079 1.95809
0.0409097 0.4575 1.18856 2.02137
0.0409097 0.4625 1.16774 2.08118
0.0409097 0.4675 1.14875 2.13622
0.0409097 0.4725 1.13211 2.1848
0.0409097 0.4775 1.11843 2.22501
0.0409097 0.4825 1.10826 2.25504
0.0409097 0.4875 1.10182 2.27405
0.0409097 0.4925 1.09874 2.28308
0.0409097 0.4975 1.09798 2.28515
0.0409097 0.5025 1.09833 2.28392
0.0409097 0.5075 1.09893 2.28194
0.0409097 0.5125 1.09945 2.28019
0.0409097 0.5175 1.09985 2.27876
0.0409097 0.5225 1.10016 2.2776
0.0409097 0.5275 1.10041 2.27663
0.0409097 0.5325 1.1006 2.27581
0.0409097 0.5375 1.10075 2.27511
0.0409097 0.5425 1.10087 2.27449
0.0409097 0.5475 1.10096 2.27394
0.0409097 0.5525 1.10102 2.27344
0.0409097 0.5575 1.10107 2.27299
0.0409097 0.5625 1.1011 2.27257
0.0409097 0.5675 1.10111 2.27218
0.0409097 0.5725 1.10111 2.2718
0.0409097 0.5775 1.10109 2.27145
0.0409097 0.5825 1.10107 2.27109
0.0409097 0.5875 1.10103 2.27075
0.0409097 0.5925 1.10098 2.2704
0.0409097 0.5975 1.10092 2.27005
0.0409097 0.6025 1.10085 2.26968
0.0409097 0.6075 1.10076 2.26931
0.0409097 0.6125 1.10066 2.2689
0.0409097 0.6175 1.10055 2.26846
0.0409097 0.6225 1.1004 2.26794
0.0409097 0.6275 1.1002 2.26727
0.0409097 0.6325 1.09986 2.26619
0.0409097 0.6375 1.09917 2.26411
0.0409097 0.6425 1.09759 2.25934
0.0409097 0.6475 1.09365 2.2475
0.0409097 0.6525 1.08364 2.2174
0.0409097 0.6575 1.05893 2.14228
0.0409097 0.6625 1.00297 1.96773
0.0409097 0.6675 0.896631 1.61656
0.0409097 0.6725 0.745812 1.06436
0.0409097 0.6775 0.606018 0.481016
0.0409097 0.6825 0.530803 0.139523
0.0409097 0.6875 0.506925 0.0308998
0.0409097 0.6925 0.501418 0.00629064
0.0409097 0.6975 0.500283 0.00125547
0.0409097 0.7025 0.500056 0.000249052
0.0409097 0.7075 0.500011 4.92065e-05
0.0409097 0.7125 0.500002 9.67755e-06
0.0409097 0.7175 0.5 1.89223e-06
0.0409097 0.7225 0.5 3.6725e-07
0.0409097 0.7275 0.5 7.06238e-08
0.0409097 0.7325 0.5 1.34305e-08
0.0409097 0.7375 0.5 2.5205e-09
0.0409097 0.7425 0.5 4.65812e-10
0.0409097 0.7475 0.5 8.45943e-11
0.0409097 0.7525 0.5 1.50652e-11
0.0409097 0.7575 0.5 2.62583e-12
0.0409097 0.7625 0.5 4.47097e-13
0.0409097 0.7675 0.5 7.40913e-14
0.0409097 0.7725 0.5 1.17742e-14
0.0409097 0.7775 0.5 1.83074e-15
0.0409097 0.7825 0.5 2.15381e-16
0.0409097 0.7875 0.5 0
0.0409097 0.7925 0.5 0
0.0409097 0.7975 0.5 0
0.0409097 0.8025 0.5 0
0.0409097 0.8075 0.5 0
0.0409097 0.8125 0.5 0
0.0409097 0.8175 0.5 0
0.0409097 0.8225 0.5 0
0.0409097 0.8275 0.5 0
0.0409097 0.8325 0.5 0
0.0409097 0.8375 0.5 0
0.0409097 0.8425 0.5 0
0.0409097 0.8475 0.5 0
0.0409097 0.8525 0.5 0
0.0409097 0.8575 0.5 0
0.0409097 0.8625 0.5 0
0.0409097 0.8675 0.5 0
0.0409097 0.8725 0.5 0
0.0409097 0.8775 0.5 0
0.0409097 0.8825 0.5 0
0.0409097 0.8875 0.5 0
0.0409097 0.8925 0.5 0
0.0409097 0.8975 0.5 0
0.0409097 0.9025 0.5 0
0.0409097 0.9075 0.5 0
0.0409097 0.9125 0.5 0
0.0409097 0.9175 0.5 0
0.0409097 0.9225 0.5 0
0.0409097 0.9275 0.5 0
0.0409097 0.9325 0.5 0
0.0409097 0.9375 0.5 0
0.0409097 0.9425 0.5 0
0.0409097 0.9475 0.5 0
0.0409097 0.9525 0.5 0
0.0409097 0.9575 0.5 0
0.0409097 0.9625 0.5 0
0.0409097 0.9675 0.5 0
0.0409097 0.9725 0.5 0
0.0409097 0.9775 0.5 0
0.0409097 0.9825 0.5 0
0.0409097 0.9875 0.5 0
0.0409097 0.9925 0.5 0
0.0409097 0.9975 0.5 0

0.0611164 0.0025 2 9.47569e-14
0.0611164 0.0075 2 9.47569e-14
0.0611164 0.0125 2 3.2246e-13
0.0611164 0.0175 2 1.0597e-12
0.0611164 0.0225 2 3.38052e-12
0.0611164 0.0275 2 1.048e-11
0.0611164 0.0325 2 3.15782e-11
0.0611164 0.0375 2 9.25036e-11
0.0611164 0.0425 2 2.63486e-10
0.0611164 0.0475 2 7.29909e-10
0.0611164 0.0525 2 1.96683e-09
0.0611164 0.0575 2 5.15614e-09
0.0611164 0.0625 2 1.31524e-08
0.0611164 0.0675 2 3.26489e-08
0.0611164 0.0725 2 7.88808e-08
0.0611164 0.0775 2 1.85509e-07
0.0611164 0.0825 2 4.24714e-07
0.0611164 0.0875 2 9.4669e-07
0.0611164 0.0925 2 2.05465e-06
0.0611164 0.0975 2 4.34231e-06
0.0611164 0.1025 2 8.93694e-06
0.0611164 0.1075 1.99999 1.7913e-05
0.0611164 0.1125 1.99998 3.49689e-05
0.0611164 0.1175 1.99997 6.64897e-05
0.0611164 0.1225 1.99994 0.000123141
0.0611164 0.1275 1.9999 0.000222152
0.0611164 0.1325 1.99982 0.000390406
0.0611164 0.1375 1.9997 0.000668387
0.0611164 0.1425 1.9995 0.00111486
0.0611164 0.1475 1.99918 0.00181193
0.0611164 0.1525 1.9987 0.00286985
0.0611164 0.1575 1.998 0.00443071
0.0611164 0.1625 1.99699 0.00666978
0.0611164 0.1675 1.99558 0.00979375
0.0611164 0.1725 1.99367 0.0140349
0.0611164 0.1775 1.99114 0.0196415
0.0611164 0.1825 1.98788 0.0268643
0.0611164 0.1875 1.9838 0.0359423
0.0611164 0.1925 1.97878 0.0470876
0.0611164 0.1975 1.97277 0.060473
0.0611164 0.2025 1.96571 0.0762233
0.0611164 0.2075 1.95757 0.0944107
0.0611164 0.2125 1.94834 0.115055
0.0611164 0.2175 1.93806 0.13813
0.0611164 0.2225 1.92675 0.163565
0.0611164 0.2275 1.91447 0.19126
0.0611164 0.2325 1.9013 0.22109
0.0611164 0.2375 1.88728 0.252914
0.0611164 0.2425 1.87251 0.286584
0.0611164 0.2475 1.85706 0.321949
0.0611164 0.2525 1.841 0.358862
0.0611164 0.2575 1.8244 0.39718
0.0611164 0.2625 1.80732 0.436769
0.0611164 0.2675 1.78984 0.477505
0.0611164 0.2725 1.77199 0.519272
0.0611164 0.2775 1.75385 0.561966
0.0611164 0.2825 1.73544 0.605492
0.0611164 0.2875 1.71682 0.649764
0.0611164 0.2925 1.69802 0.694704
0.0611164 0.2975 1.67907 0.740243
0.0611164 0.3025 1.66 0.786318
0.0611164 0.3075 1.64085 0.832873
0.0611164 0.3125 1.62163 0.879857
0.0611164 0.3175 1.60237 0.927225
0.0611164 0.3225 1.58309 0.974934
0.0611164 0.3275 1.5638 1.02295
0.0611164 0.3325 1.54452 1.07123
0.0611164 0.3375 1.52527 1.11974
0.0611164 0.3425 1.50606 1.16847
0.0611164 0.3475 1.4869 1.21736
0.0611164 0.3525 1.4678 1.26641
0.0611164 0.3575 1.44879 1.31557
0.0611164 0.3625 1.42986 1.36483
0.0611164 0.3675 1.41103 1.41414
0.0611164 0.3725 1.39232 1.46349
0.0611164 0.3775 1.37373 1.51283
0.0611164 0.3825 1.35528 1.56214
0.0611164 0.3875 1.33699 1.61135
0.0611164 0.3925 1.31887 1.66044
0.0611164 0.3975 1.30094 1.70933
0.0611164 0.4025 1.28324 1.75796
0.0611164 0.4075 1.26578 1.80624
0.0611164 0.4125 1.24861 1.85405
0.0611164 0.4175 1.23177 1.90126
0.0611164 0.4225 1.21532 1.94769
0.0611164 0.4275 1.19934 1.9931
0.0611164 0.4325 1.18392 2.0372
0.0611164 0.4375 1.1692 2.07959
0.0611164 0.4425 1.15532 2.11977
0.0611164 0.4475 1.14251 2.15711
0.0611164 0.4525 1.13099 2.19084
0.0611164 0.4575 1.12104 2.22011
0.0611164 0.4625 1.11293 2.24407
0.0611164 0.4675 1.10683 2.26211
0.0611164 0.4725 1.10278 2.27411
0.0611164 0.4775 1.10054 2.28072
0.0611164 0.4825 1.09967 2.28323
0.0611164 0.4875 1.09962 2.28328
0.0611164 0.4925 1.09994 2.28223
0.0611164 0.4975 1.10034 2.28096
0.0611164 0.5025 1.1007 2.2798
0.0611164 0.5075 1.101 2.27883
0.0611164 0.5125 1.10123 2.27803
0.0611164 0.5175 1.10142 2.27736
0.0611164 0.5225 1.10158 2.2768
0.0611164 0.5275 1.1017 2.27632
0.0611164 0.5325 1.1018 2.2759
0.0611164 0.5375 1.10189 2.27554
0.0611164 0.5425 1.10196 2.27522
0.0611164 0.5475 1.10201 2.27494
0.0611164 0.5525 1.10205 2.27469
0.0611164 0.5575 1.10209 2.27447
0.0611164 0.5625 1.10211 2.27426
0.0611164 0.5675 1.10213 2.27408
0.0611164 0.5725 1.10214 2.2739
0.0611164 0.5775 1.10215 2.27374
0.0611164 0.5825 1.10215 2.27359
0.0611164 0.5875 1.10214 2.27345
0.0611164 0.5925 1.10213 2.27331
0.0611164 0.5975 1.10212 2.27318
0.0611164 0.6025 1.10211 2.27305
0.0611164 0.6075 1.10209 2.27293
0.0611164 0.6125 1.10207 2.27281
0.0611164 0.6175 1.10204 2.27268
0.0611164 0.6225 1.10201 2.27256
0.0611164 0.6275 1.10198 2.27244
0.0611164 0.6325 1.10195 2.27231
0.0611164 0.6375 1.10192 2.27218
0.0611164 0.6425 1.10188 2.27205
0.0611164 0.6475 1.10184 2.27192
0.0611164 0.6525 1.10179 2.27178
0.0611164 0.6575 1.10174 2.27163
0.0611164 0.6625 1.10169 2.27148
0.0611164 0.6675 1.10164 2.27132
0.0611164 0.6725 1.10158 2.27115
0.0611164 0.6775 1.10152 2.27097
0.0611164 0.6825 1.10146 2.27078
0.0611164 0.6875 1.10139 2.27058
0.0611164 0.6925 1.10131 2.27036
0.0611164 0.6975 1.10123 2.27011
0.0611164 0.7025 1.10113 2.26983
0.0611164 0.7075 1.101 2.26946
0.0611164 0.7125 1.10081 2.2689
0.0611164 0.7175 1.10045 2.26784
0.0611164 0.7225 1.09967 2.26551
0.0611164 0.7275 1.09777 2.25985
0.0611164 0.7325 1.09296 2.24547
0.0611164 0.7375 1.08078 2.2088
0.0611164 0.7425 1.05108 2.11828
0.0611164 0.7475 0.985782 1.91289
0.0611164 0.7525 0.867941 1.5169
0.0611164 0.7575 0.713337 0.93553
0.0611164 0.7625 0.584476 0.384589
0.0611164 0.7675 0.522913 0.103407
0.0611164 0.7725 0.505006 0.0222933
0.0611164 0.7775 0.501019 0.00451986
0.0611164 0.7825 0.500204 0.000904487
0.0611164 0.7875 0.500041 0.000180517
0.0611164 0.7925 0.500008 3.6004e-05
0.0611164 0.7975 0.500002 7.17838e-06
0.0611164 0.8025 0.5 1.43057e-06
0.0611164 0.8075 0.5 2.84909e-07
0.0611164 0.8125 0.5 5.66878e-08
0.0611164 0.8175 0.5 1.1264e-08
0.0611164 0.8225 0.5 2.23412e-09
0.0611164 0.8275 0.5 4.4206e-10
0.0611164 0.8325 0.5 8.72001e-11
0.0611164 0.8375 0.5 1.71344e-11
0.0611164 0.8425 0.5 3.35073e-12
0.0611164 0.8475 0.5 6.51525e-13
0.0611164 0.8525 0.5 1.25804e-13
0.0611164 0.8575 0.5 2.41558e-14
0.0611164 0.8625 0.5 4.48659e-15
0.0611164 0.8675 0.5 6.10177e-16
0.0611164 0.8725 0.5 3.58928e-17
0.0611164 0.8775 0.5 0
0.0611164 0.8825 0.5 0
0.0611164 0.8875 0.5 0
0.0611164 0.8925 0.5 0
0.0611164 0.8975 0.5 0
0.0611164 0.9025 0.5 0
0.0611164 0.9075 0.5 0
0.0611164 0.9125 0.5 0
0.0611164 0.9175 0.5 0
0.0611164 0.9225 0.5 0
0.0611164 0.9275 0.5 0
0.0611164 0.9325 0.5 0
0.0611164 0.9375 0.5 0
0.0611164 0.9425 0.5 0
0.0611164 0.9475 0.5 0
0.0611164 0.9525 0.5 0
0.0611164 0.9575 0.5 0
0.0611164 0.9625 0.5 0
0.0611164 0.9675 0.5 0
0.0611164 0.9725 0.5 0
0.0611164 0.9775 0.5 0
0.0611164 0.9825 0.5 0
0.0611164 0.9875 0.5 0
0.0611164 0.9925 0.5 0
0.0611164 0.9975 0.5 0

0.0813215 0.0025 1.99998 4.1559e-05
0.0813215 0.0075 1.99998 4.1559e-05
0.0813215 0.0125 1.99997 7.19627e-05
0.0813215 0.0175 1.99994 0.000122172
0.0813215 0.0225 1.99991 0.00020336
0.0813215 0.0275 1.99985 0.000331889
0.0813215 0.0325 1.99976 0.000531089
0.0813215 0.0375 1.99962 0.000833303
0.0813215 0.0425 1.99942 0.00128211
0.0813215 0.0475 1.99913 0.00193448
0.0813215 0.0525 1.99871 0.00286269
0.0813215 0.0575 1.99812 0.00415545
0.0813215 0.0625 1.99733 0.00591814
0.0813215 0.0675 1.99627 0.00827162
0.0813215 0.0725 1.99488 0.0113495
0.0813215 0.0775 1.9931 0.015294
0.0813215 0.0825 1.99087 0.0202502
0.0813215 0.0875 1.98811 0.02636
0.0813215 0.0925 1.98478 0.0337549
0.0813215 0.0975 1.98083 0.0425507
0.0813215 0.1025 1.9762 0.0528418
0.0813215 0.1075 1.97088 0.0646979
0.0813215 0.1125 1.96484 0.0781622
0.0813215 0.1175 1.95809 0.0932516
0.0813215 0.1225 1.95063 0.109958
0.0813215 0.1275 1.94247 0.128252
0.0813215 0.1325 1.93364 0.148084
0.0813215 0.1375 1.92418 0.169392
0.0813215 0.1425 1.91412 0.192101
0.0813215 0.1475 1.90351 0.216129
0.0813215 0.1525 1.89238 0.241391
0.0813215 0.1575 1.88078 0.2678
0.0813215 0.1625 1.86875 0.295271
0.0813215 0.1675 1.85633 0.323718
0.0813215 0.1725 1.84357 0.353063
0.0813215 0.1775 1.83049 0.383229
0.0813215 0.1825 1.81713 0.414146
0.0813215 0.1875 1.80353 0.445747
0.0813215 0.1925 1.78971 0.477973
0.0813215 0.1975 1.77571 0.510766
0.0813215 0.2025 1.76153 0.544077
0.0813215 0.2075 1.74722 0.577858
0.0813215 0.2125 1.73278 0.612067
0.0813215 0.2175 1.71824 0.646666
0.0813215 0.2225 1.70361 0.681621
0.0813215 0.2275 1.68891 0.716899
0.0813215 0.2325 1.67415 0.752471
0.0813215 0.2375 1.65934 0.788312
0.0813215 0.2425 1.6445 0.824398
0.0813215 0.2475 1.62963 0.860707
0.0813215 0.2525 1.61475 0.897219
0.0813215 0.2575 1.59986 0.933916
0.0813215 0.2625 1.58497 0.970782
0.0813215 0.2675 1.57009 1.0078
0.0813215 0.2725 1.55522 1.04496
0.0813215 0.2775 1.54038 1.08224
0.0813215 0.2825 1.52556 1.11964
0.0813215 0.2875 1.51077 1.15714
0.0813215 0.2925 1.49602 1.19472
0.0813215 0.2975 1.48131 1.23239
0.0813215 0.3025 1.46665 1.27012
0.0813215 0.3075 1.45204 1.30791
0.0813215 0.3125 1.43748 1.34575
0.0813215 0.3175 1.42298 1.38362
0.0813215 0.3225 1.40855 1.42152
0.0813215 0.3275 1.39419 1.45943
0.0813215 0.3325 1.3799 1.49734
0.0813215 0.3375 1.36568 1.53524
0.0813215 0.3425 1.35156 1.5731
0.0813215 0.3475 1.33752 1.61092
0.0813215 0.3525 1.32358 1.64868
0.0813215 0.3575 1.30974 1.68635
0.0813215 0.3625 1.29602 1.7239
0.0813215 0.3675 1.28243 1.76131
0.0813215 0.3725 1.26897 1.79854
0.0813215 0.3775 1.25566 1.83555
0.0813215 0.3825 1.24252 1.87227
0.0813215 0.3875 1.22958 1.90865
0.0813215 0.3925 1.21685 1.94461
0.0813215 0.3975 1.20438 1.98003
0.0813215 0.4025 1.1922 2.0148
0.0813215 0.4075 1.18036 2.04875
0.0813215 0.4125 1.16894 2.08168
0.0813215 0.4175 1.15801 2.11335
0.0813215 0.4225 1.14767 2.14343
0.0813215 0.4275 1.13805 2.17156
0.0813215 0.4325 1.12928 2.1973
0.0813215 0.4375 1.12151 2.22016
0.0813215 0.4425 1.11491 2.23968
0.0813215 0.4475 1.10958 2.25546
0.0813215 0.4525 1.10559 2.26729
0.0813215 0.4575 1.10289 2.27529
0.0813215 0.4625 1.10132 2.27992
0.0813215 0.4675 1.10062 2.28197
0.0813215 0.4725 1.10049 2.28231
0.0813215 0.4775 1.10066 2.28176
0.0813215 0.4825 1.10094 2.28087
0.0813215 0.4875 1.10123 2.27996
0.0813215 0.4925 1.10148 2.27915
0.0813215 0.4975 1.10169 2.27846
0.0813215 0.5025 1.10187 2.27789
0.0813215 0.5075 1.10201 2.27741
0.0813215 0.5125 1.10213 2.27701
0.0813215 0.5175 1.10222 2.27666
0.0813215 0.5225 1.1023 2.27636
0.0813215 0.5275 1.10237 2.2761
0.0813215 0.5325 1.10243 2.27587
0.0813215 0.5375 1.10247 2.27567
0.0813215 0.5425 1.10251 2.2755
0.0813215 0.5475 1.10254 2.27534
0.0813215 0.5525 1.10257 2.2752
0.0813215 0.5575 1.10258 2.27508
0.0813215 0.5625 1.1026 2.27497
0.0813215 0.5675 1.10261 2.27486
0.0813215 0.5725 1.10262 2.27477
0.0813215 0.5775 1.10262 2.27468
0.0813215 0.5825 1.10262 2.2746
0.0813215 0.5875 1.10262 2.27453
0.0813215 0.5925 1.10262 2.27446
0.0813215 0.5975 1.10261 2.27439
0.0813215 0.6025 1.1026 2.27433
0.0813215 0.6075 1.10259 2.27427
0.0813215 0.6125 1.10258 2.27421
0.0813215 0.6175 1.10257 2.27415
0.0813215 0.6225 1.10256 2.27409
0.0813215 0.6275 1.10254 2.27404
0.0813215 0.6325 1.10253 2.27398
0.0813215 0.6375 1.10251 2.27393
0.0813215 0.6425 1.1025 2.27387
0.0813215 0.6475 1.10248 2.27382
0.0813215 0.6525 1.10246 2.27376
0.0813215 0.6575 1.10244 2.2737
0.0813215 0.6625 1.10242 2.27364
0.0813215 0.6675 1.10239 2.27358
0.0813215 0.6725 1.10237 2.27352
0.0813215 0.6775 1.10235 2.27346
0.0813215 0.6825 1.10232 2.2734
0.0813215 0.6875 1.1023 2.27333
0.0813215 0.6925 1.10227 2.27326
0.0813215 0.6975 1.10224 2.27319
0.0813215 0.7025 1.10221 2.27312
0.0813215 0.7075 1.10218 2.27304
0.0813215 0.7125 1.10215 2.27296
0.0813215 0.7175 1.10212 2.27287
0.0813215 0.7225 1.10209 2.27279
0.0813215 0.7275 1.10205 2.2727
0.0813215 0.7325 1.10201 2.2726
0.0813215 0.7375 1.10198 2.2725
0.0813215 0.7425 1.10194 2.2724
0.0813215 0.7475 1.1019 2.27228
0.0813215 0.7525 1.10185 2.27217
0.0813215 0.7575 1.10181 2.27205
0.0813215 0.7625 1.10176 2.27192
0.0813215 0.7675 1.10171 2.27178
0.0813215 0.7725 1.10165 2.27163
0.0813215 0.7775 1.10159 2.27147
0.0813215 0.7825 1.10153 2.27129
0.0813215 0.7875 1.10145 2.27106
0.0813215 0.7925 1.10134 2.27075
0.0813215 0.7975 1.10115 2.2702
0.0813215 0.8025 1.10077 2.26907
0.0813215 0.8075 1.09987 2.2664
0.0813215 0.8125 1.09762 2.25967
0.0813215 0.8175 1.09184 2.24237
0.0813215 0.8225 1.0772 2.19824
0.0813215 0.8275 1.04198 2.09044
0.0813215 0.8325 0.966856 1.85185
0.0813215 0.8375 0.838388 1.41188
0.0813215 0.8425 0.682911 0.811301
0.0813215 0.8475 0.566588 0.303486
0.0813215 0.8525 0.516996 0.0764355
0.0813215 0.8575 0.503625 0.0161213
0.0813215 0.8625 0.500733 0.00324985
0.0813215 0.8675 0.500147 0.000649055
0.0813215 0.8725 0.500029 0.0001294
0.0813215 0.8775 0.500006 2.57917e-05
0.0813215 0.8825 0.500001 5.14096e-06
0.0813215 0.8875 0.5 1.02483e-06
0.0813215 0.8925 0.5 2.04313e-07
0.0813215 0.8975 0.5 4.07352e-08
0.0813215 0.9025 0.5 8.12182e-09
0.0813215 0.9075 0.5 1.61928e-09
0.0813215 0.9125 0.5 3.22809e-10
0.0813215 0.9175 0.5 6.43392e-11
0.0813215 0.9225 0.5 1.2819e-11
0.0813215 0.9275 0.5 2.55244e-12
0.0813215 0.9325 0.5 5.07711e-13
0.0813215 0.9375 0.5 1.00817e-13
0.0813215 0.9425 0.5 2.0027e-14
0.0813215 0.9475 0.5 3.76853e-15
0.0813215 0.9525 0.5 6.46034e-16
0.0813215 0.9575 0.5 3.58908e-17
0.0813215 0.9625 0.5 0
0.0813215 0.9675 0.5 0
0.0813215 0.9725 0.5 0
0.0813215 0.9775 0.5 0
0.0813215 0.9825 0.5 0
0.0813215 0.9875 0.5 0
0.0813215 0.9925 0.5 0
0.0813215 0.9975 0.5 0

0.101526 0.0025 1.97908 0.0464301
0.101526 0.0075 1.97908 0.0464301
0.101526 0.0125 1.97488 0.0557896
0.101526 0.0175 1.97015 0.0663133
0.101526 0.0225 1.96491 0.0780118
0.101526 0.0275 1.95915 0.0908857
0.101526 0.0325 1.95288 0.104922
0.101526 0.0375 1.94611 0.120094
0.101526 0.0425 1.93886 0.136369
0.101526 0.0475 1.93115 0.153701
0.101526 0.0525 1.92302 0.172043
0.101526 0.0575 1.91447 0.19134
0.101526 0.0625 1.90555 0.211538
0.101526 0.0675 1.89627 0.232579
0.101526 0.0725 1.88668 0.254408
0.101526 0.0775 1.87678 0.276969
0.101526 0.0825 1.86662 0.300208
0.101526 0.0875 1.85621 0.324076
0.101526 0.0925 1.84557 0.348522
0.101526 0.0975 1.83474 0.373503
0.101526 0.1025 1.82372 0.398976
0.101526 0.1075 1.81254 0.424901
0.101526 0.1125 1.80122 0.451242
0.101526 0.1175 1.78977 0.477965
0.101526 0.1225 1.7782 0.505039
0.101526 0.1275 1.76654 0.532437
0.101526 0.1325 1.75479 0.560131
0.101526 0.1375 1.74296 0.588099
0.101526 0.1425 1.73106 0.616317
0.101526 0.1475 1.71911 0.644767
0.101526 0.1525 1.70711 0.673431
0.101526 0.1575 1.69507 0.70229
0.101526 0.1625 1.683 0.731331
0.101526 0.1675 1.6709 0.760538
0.101526 0.1725 1.65878 0.7899
0.101526 0.1775 1.64665 0.819404
0.101526 0.1825 1.63451 0.849039
0.101526 0.1875 1.62236 0.878796
0.101526 0.1925 1.61022 0.908665
0.101526 0.1975 1.59807 0.938637
0.101526 0.2025 1.58594 0.968705
0.101526 0.2075 1.57381 0.998862
0.101526 0.2125 1.5617 1.0291
0.101526 0.2175 1.5496 1.05941
0.101526 0.2225 1.53753 1.08979
0.101526 0.2275 1.52548 1.12024
0.101526 0.2325 1.51345 1.15074
0.101526 0.2375 1.50145 1.18129
0.101526 0.2425 1.48948 1.21189
0.101526 0.2475 1.47754 1.24253
0.101526 0.2525 1.46563 1.27321
0.101526 0.2575 1.45376 1.30392
0.101526 0.2625 1.44193 1.33465
0.101526 0.2675 1.43014 1.36541
0.101526 0.2725 1.41839 1.39619
0.101526 0.2775 1.40668 1.42697
0.101526 0.2825 1.39502 1.45777
0.101526 0.2875 1.38341 1.48856
0.101526 0.2925 1.37185 1.51935
0.101526 0.2975 1.36034 1.55012
0.101526 0.3025 1.34889 1.58088
0.101526 0.3075 1.3375 1.6116
0.101526 0.3125 1.32616 1.64229
0.101526 0.3175 1.3149 1.67294
0.101526 0.3225 1.3037 1.70352
0.101526 0.3275 1.29258 1.73403
0.101526 0.3325 1.28154 1.76445
0.101526 0.3375 1.27058 1.79477
0.101526 0.3425 1.25972 1.82496
0.101526 0.3475 1.24896 1.85499
0.101526 0.3525 1.23831 1.88485
0.101526 0.3575 1.22778 1.91448
0.101526 0.3625 1.21739 1.94385
0.101526 0.3675 1.20716 1.97291
0.101526 0.3725 1.1971 2.00158
0.101526 0.3775 1.18725 2.02979
0.101526 0.3825 1.17762 2.05745
0.101526 0.3875 1.16828 2.08443
0.101526 0.3925 1.15925 2.11059
0.101526 0.3975 1.1506 2.13576
0.101526 0.4025 1.1424 2.15971
0.101526 0.4075 1.13472 2.18221
0.101526 0.4125 1.12766 2.20296
0.101526 0.4175 1.12131 2.22167
0.101526 0.4225 1.11577 2.23804
0.101526 0.4275 1.11113 2.25178
0.101526 0.4325 1.10743 2.26274
0.101526 0.4375 1.10469 2.27089
0.101526 0.4425 1.10283 2.27641
0.101526 0.4475 1.10172 2.27967
0.101526 0.4525 1.1012 2.28119
0.101526 0.4575 1.10108 2.28152
0.101526 0.4625 1.10119 2.28118
0.101526 0.4675 1.10139 2.28054
0.101526 0.4725 1.10162 2.27983
0.101526 0.4775 1.10183 2.27916
0.101526 0.4825 1.10201 2.27858
0.101526 0.4875 1.10217 2.27809
0.101526 0.4925 1.1023 2.27767
0.101526 0.4975 1.1024 2.27732
0.101526 0.5025 1.10249 2.27702
0.101526 0.5075 1.10256 2.27676
0.101526 0.5125 1.10263 2.27654
0.101526 0.5175 1.10268 2.27635
0.101526 0.5225 1.10272 2.27618
0.101526 0.5275 1.10276 2.27603
0.101526 0.5325 1.10279 2.2759
0.101526 0.5375 1.10281 2.27579
0.101526 0.5425 1.10283 2.27569
0.101526 0.5475 1.10285 2.2756
0.101526 0.5525 1.10286 2.27552
0.101526 0.5575 1.10287 2.27545
0.101526 0.5625 1.10288 2.27538
0.101526 0.5675 1.10288 2.27532
0.101526 0.5725 1.10289 2.27527
0.101526 0.5775 1.10289 2.27522
0.101526 0.5825 1.10289 2.27518
0.101526 0.5875 1.10288 2.27514
0.101526 0.5925 1.10288 2.2751
0.101526 0.5975 1.10288 2.27506
0.101526 0.6025 1.10287 2.27502
0.101526 0.6075 1.10286 2.27499
0.101526 0.6125 1.10286 2.27496
0.101526 0.6175 1.10285 2.27493
0.101526 0.6225 1.10284 2.2749
0.101526 0.6275 1.10283 2.27487
0.101526 0.6325 1.10282 2.27484
0.101526 0.6375 1.10281 2.27481
0.101526 0.6425 1.1028 2.27479
0.101526 0.6475 1.10279 2.27476
0.101526 0.6525 1.10278 2.27473
0.101526 0.6575 1.10276 2.2747
0.101526 0.6625 1.10275 2.27467
0.101526 0.6675 1.10274 2.27465
0.101526 0.6725 1.10272 2.27462
0.101526 0.6775 1.10271 2.27459
0.101526 0.6825 1.1027 2.27456
0.101526 0.6875 1.10268 2.27452
0.101526 0.6925 1.10267 2.27449
0.101526 0.6975 1.10265 2.27446
0.101526 0.7025 1.10264 2.27443
0.101526 0.7075 1.10262 2.27439
0.101526 0.7125 1.1026 2.27436
0.101526 0.7175 1.10259 2.27432
0.101526 0.7225 1.10257 2.27428
0.101526 0.7275 1.10255 2.27424
0.101526 0.7325 1.10253 2.2742
0.101526 0.7375 1.10251 2.27416
0.101526 0.7425 1.10249 2.27412
0.101526 0.7475 1.10248 2.27407
0.101526 0.7525 1.10246 2.27402
0.101526 0.7575 1.10243 2.27398
0.101526 0.7625 1.10241 2.27393
0.101526 0.7675 1.10239 2.27387
0.101526 0.7725 1.10237 2.27382
0.101526 0.7775 1.10235 2.27376
0.101526 0.7825 1.10232 2.27371
0.101526 0.7875 1.1023 2.27364
0.101526 0.7925 1.10227 2.27358
0.101526 0.7975 1.10225 2.27352
0.101526 0.8025 1.10222 2.27345
0.101526 0.8075 1.10219 2.27338
0.101526 0.8125 1.10216 2.2733
0.101526 0.8175 1.10213 2.27323
0.101526 0.8225 1.1021 2.27314
0.101526 0.8275 1.10207 2.27306
0.101526 0.8325 1.10204 2.27297
0.101526 0.8375 1.102 2.27288
0.101526 0.8425 1.10197 2.27278
0.101526 0.8475 1.10193 2.27268
0.101526 0.8525 1.10189 2.27257
0.101526 0.8575 1.10185 2.27246
0.101526 0.8625 1.1018 2.27233
0.101526 0.8675 1.10175 2.27218
0.101526 0.8725 1.10168 2.27199
0.101526 0.8775 1.10158 2.27169
0.101526 0.8825 1.10139 2.27113
0.101526 0.8875 1.10096 2.26985
0.101526 0.8925 1.09991 2.26672
0.101526 0.8975 1.09722 2.2587
0.101526 0.9025 1.0903 2.23796
0.101526 0.9075 1.07282 2.18518
0.101526 0.9125 1.03145 2.05793
0.101526 0.9175 0.946139 1.78398
0.101526 0.9225 0.808356 1.30239
0.101526 0.9275 0.655015 0.694205
0.101526 0.9325 0.552093 0.237225
0.101526 0.9375 0.512634 0.0566435
0.101526 0.9425 0.502646 0.0117561
0.101526 0.9475 0.500532 0.00235972
0.101526 0.9525 0.500106 0.000470454
0.101526 0.9575 0.500021 9.3675e-05
0.101526 0.9625 0.500004 1.86492e-05
0.101526 0.9675 0.500001 3.71298e-06
0.101526 0.9725 0.5 7.3932e-07
0.101526 0.9775 0.5 1.47229e-07
0.101526 0.9825 0.5 2.9323e-08
0.101526 0.9875 0.5 5.84087e-09
0.101526 0.9925 0.5 1.16359e-09
0.101526 0.9975 0.5 1.16359e-09

0.12173 0.0025 1.85622 0.323791
0.12173 0.0075 1.85622 0.323791
0.12173 0.0125 1.84711 0.344762
0.12173 0.0175 1.83784 0.366146
0.12173 0.0225 1.82844 0.387875
0.12173 0.0275 1.81893 0.409922
0.12173 0.0325 1.80932 0.432265
0.12173 0.0375 1.79962 0.45488
0.12173 0.0425 1.78983 0.477749
0.12173 0.0475 1.77997 0.500851
0.12173 0.0525 1.77005 0.52417
0.12173 0.0575 1.76006 0.54769
0.12173 0.0625 1.75003 0.571395
0.12173 0.0675 1.73995 0.595273
0.12173 0.0725 1.72983 0.619311
0.12173 0.0775 1.71967 0.643498
0.12173 0.0825 1.70949 0.667822
0.12173 0.0875 1.69929 0.692275
0.12173 0.0925 1.68906 0.716847
0.12173 0.0975 1.67882 0.74153
0.12173 0.1025 1.66857 0.766317
0.12173 0.1075 1.65831 0.7912
0.12173 0.1125 1.64804 0.816173
0.12173 0.1175 1.63777 0.84123
0.12173 0.1225 1.62751 0.866365
0.12173 0.1275 1.61724 0.891574
0.12173 0.1325 1.60698 0.91685
0.12173 0.1375 1.59672 0.94219
0.12173 0.1425 1.58647 0.96759
0.12173 0.1475 1.57624 0.993045
0.12173 0.1525 1.56601 1.01855
0.12173 0.1575 1.5558 1.04411
0.12173 0.1625 1.54561 1.06971
0.12173 0.1675 1.53543 1.09535
0.12173 0.1725 1.52527 1.12102
0.12173 0.1775 1.51513 1.14674
0.12173 0.1825 1.50501 1.17249
0.12173 0.1875 1.49492 1.19826
0.12173 0.1925 1.48484 1.22407
0.12173 0.1975 1.47479 1.2499
0.12173 0.2025 1.46477 1.27575
0.12173 0.2075 1.45477 1.30162
0.12173 0.2125 1.4448 1.32751
0.12173 0.2175 1.43486 1.35341
0.12173 0.2225 1.42495 1.37932
0.12173 0.2275 1.41507 1.40525
0.12173 0.2325 1.40523 1.43117
0.12173 0.2375 1.39541 1.45711
0.12173 0.2425 1.38563 1.48304
0.12173 0.2475 1.37589 1.50897
0.12173 0.2525 1.36618 1.53489
0.12173 0.2575 1.35651 1.56081
0.12173 0.2625 1.34688 1.58671
0.12173 0.2675 1.33729 1.61259
0.12173 0.2725 1.32774 1.63844
0.12173 0.2775 1.31824 1.66427
0.12173 0.2825 1.30879 1.69007
0.12173 0.2875 1.29938 1.71582
0.12173 0.2925 1.29003 1.74152
0.12173 0.2975 1.28073 1.76717
0.12173 0.3025 1.27149 1.79275
0.12173 0.3075 1.26231 1.81825
0.12173 0.3125 1.2532 1.84365
0.12173 0.3175 1.24416 1.86895
0.12173 0.3225 1.23519 1.89411
0.12173 0.3275 1.22632 1.91913
0.12173 0.3325 1.21753 1.94398
0.12173 0.3375 1.20886 1.96861
0.12173 0.3425 1.20029 1.99301
0.12173 0.3475 1.19186 2.01712
0.12173 0.3525 1.18358 2.04088
0.12173 0.3575 1.17546 2.06425
0.12173 0.3625 1.16754 2.08713
0.12173 0.3675 1.15984 2.10945
0.12173 0.3725 1.15241 2.13107
0.12173 0.3775 1.14527 2.15189
0.12173 0.3825 1.13849 2.17174
0.12173 0.3875 1.13212 2.19044
0.12173 0.3925 1.12622 2.2078
0.12173 0.3975 1.12086 2.2236
0.12173 0.4025 1.11611 2.23765
0.12173 0.4075 1.11203 2.24974
0.12173 0.4125 1.10866 2.25974
0.12173 0.4175 1.10601 2.2676
0.12173 0.4225 1.10406 2.27338
0.12173 0.4275 1.10275 2.27728
0.12173 0.4325 1.10197 2.27958
0.12173 0.4375 1.1016 2.28067
0.12173 0.4425 1.10151 2.28091
0.12173 0.4475 1.10158 2.28066
0.12173 0.4525 1.10174 2.28017
0.12173 0.4575 1.10192 2.2796
0.12173 0.4625 1.1021 2.27905
0.12173 0.4675 1.10226 2.27856
0.12173 0.4725 1.10239 2.27813
0.12173 0.4775 1.10251 2.27777
0.12173 0.4825 1.1026 2.27746
0.12173 0.4875 1.10268 2.2772
0.12173 0.4925 1.10275 2.27698
0.12173 0.4975 1.1028 2.27678
0.12173 0.5025 1.10285 2.27662
0.12173 0.5075 1.10289 2.27647
0.12173 0.5125 1.10292 2.27635
0.12173 0.5175 1.10295 2.27624
0.12173 0.5225 1.10298 2.27614
0.12173 0.5275 1.10299 2.27606
0.12173 0.5325 1.10301 2.27599
0.12173 0.5375 1.10302 2.27592
0.12173 0.5425 1.10303 2.27586
0.12173 0.5475 1.10304 2.27581
0.12173 0.5525 1.10305 2.27576
0.12173 0.5575 1.10305 2.27572
0.12173 0.5625 1.10305 2.27569
0.12173 0.5675 1.10305 2.27565
0.12173 0.5725 1.10305 2.27562
0.12173 0.5775 1.10305 2.27559
0.12173 0.5825 1.10305 2.27557
0.12173 0.5875 1.10305 2.27554
0.12173 0.5925 1.10304 2.27552
0.12173 0.5975 1.10304 2.2755
0.12173 0.6025 1.10303 2.27548
0.12173 0.6075 1.10303 2.27546
0.12173 0.6125 1.10302 2.27545
0.12173 0.6175 1.10302 2.27543
0.12173 0.6225 1.10301 2.27541
0.12173 0.6275 1.103 2.2754
0.12173 0.6325 1.10299 2.27538
0.12173 0.6375 1.10299 2.27537
0.12173 0.6425 1.10298 2.27535
0.12173 0.6475 1.10297 2.27534
0.12173 0.6525 1.10296 2.27532
0.12173 0.6575 1.10295 2.27531
0.12173 0.6625 1.10294 2.27529
0.12173 0.6675 1.10293 2.27528
0.12173 0.6725 1.10292 2.27526
0.12173 0.6775 1.10291 2.27525
0.12173 0.6825 1.1029 2.27523
0.12173 0.6875 1.10289 2.27521
0.12173 0.6925 1.10288 2.2752
0.12173 0.6975 1.10287 2.27518
0.12173 0.7025 1.10286 2.27516
0.12173 0.7075 1.10285 2.27514
0.12173 0.7125 1.10284 2.27513
0.12173 0.7175 1.10283 2.27511
0.12173 0.7225 1.10282 2.27509
0.12173 0.7275 1.10281 2.27507
0.12173 0.7325 1.1028 2.27505
0.12173 0.7375 1.10279 2.27502
0.12173 0.7425 1.10277 2.275
0.12173 0.7475 1.10276 2.27498
0.12173 0.7525 1.10275 2.27495
0.12173 0.7575 1.10274 2.27493
0.12173 0.7625 1.10272 2.2749
0.12173 0.7675 1.10271 2.27488
0.12173 0.7725 1.1027 2.27485
0.12173 0.7775 1.10269 2.27482
0.12173 0.7825 1.10267 2.27479
0.12173 0.7875 1.10266 2.27477
0.12173 0.7925 1.10264 2.27473
0.12173 0.7975 1.10263 2.2747
0.12173 0.8025 1.10261 2.27467
0.12173 0.8075 1.1026 2.27464
0.12173 0.8125 1.10258 2.2746
0.12173 0.8175 1.10257 2.27457
0.12173 0.8225 1.10255 2.27453
0.12173 0.8275 1.10254 2.27449
0.12173 0.8325 1.10252 2.27445
0.12173 0.8375 1.1025 2.27441
0.12173 0.8425 1.10249 2.27437
0.12173 0.8475 1.10247 2.27433
0.12173 0.8525 1.10245 2.27428
0.12173 0.8575 1.10243 2.27423
0.12173 0.8625 1.10241 2.27419
0.12173 0.8675 1.10239 2.27413
0.12173 0.8725 1.10237 2.27408
0.12173 0.8775 1.10235 2.27403
0.12173 0.8825 1.10233 2.27397
0.12173 0.8875 1.10231 2.27392
0.12173 0.8925 1.10228 2.27386
0.12173 0.8975 1.10226 2.27379
0.12173 0.9025 1.10224 2.27373
0.12173 0.9075 1.10221 2.27366
0.12173 0.9125 1.10218 2.27359
0.12173 0.9175 1.10216 2.27352
0.12173 0.9225 1.10213 2.27344
0.12173 0.9275 1.1021 2.27336
0.12173 0.9325 1.10207 2.27328
0.12173 0.9375 1.10204 2.27319
0.12173 0.9425 1.102 2.2731
0.12173 0.9475 1.10197 2.273
0.12173 0.9525 1.10192 2.27287
0.12173 0.9575 1.10186 2.2727
0.12173 0.9625 1.10176 2.2724
0.12173 0.9675 1.10154 2.27181
0.12173 0.9725 1.10098 2.27053
0.12173 0.9775 1.09945 2.2677
0.12173 0.9825 1.09526 2.26111
0.12173 0.9875 1.08482 2.24305
0.12173 0.9925 1.06247 2.1902
0.12173 0.9975 1.06247 2.1902

0.141928 0.0025 1.71992 0.642237
0.141928 0.0075 1.71992 0.642237
0.141928 0.0125 1.7111 0.66333
0.141928 0.0175 1.70224 0.684568
0.141928 0.0225 1.69337 0.70589
0.141928 0.0275 1.68449 0.727291
0.141928 0.0325 1.67561 0.748765
0.141928 0.0375 1.66671 0.770308
0.141928 0.0425 1.65782 0.791917
0.141928 0.0475 1.64892 0.813586
0.141928 0.0525 1.64002 0.835312
0.141928 0.0575 1.63113 0.857093
0.141928 0.0625 1.62224 0.878923
0.141928 0.0675 1.61335 0.900802
0.141928 0.0725 1.60447 0.922725
0.141928 0.0775 1.5956 0.94469
0.141928 0.0825 1.58673 0.966694
0.141928 0.0875 1.57788 0.988735
0.141928 0.0925 1.56904 1.01081
0.141928 0.0975 1.5602 1.03292
0.141928 0.1025 1.55138 1.05506
0.141928 0.1075 1.54258 1.07723
0.141928 0.1125 1.53378 1.09942
0.141928 0.1175 1.52501 1.12164
0.141928 0.1225 1.51625 1.14388
0.141928 0.1275 1.5075 1.16615
0.141928 0.1325 1.49877 1.18843
0.141928 0.1375 1.49006 1.21074
0.141928 0.1425 1.48137 1.23305
0.141928 0.1475 1.4727 1.25539
0.141928 0.1525 1.46404 1.27774
0.141928 0.1575 1.45541 1.3001
0.141928 0.1625 1.4468 1.32247
0.141928 0.1675 1.43821 1.34485
0.141928 0.1725 1.42964 1.36724
0.141928 0.1775 1.4211 1.38963
0.141928 0.1825 1.41257 1.41203
0.141928 0.1875 1.40408 1.43443
0.141928 0.1925 1.3956 1.45684
0.141928 0.1975 1.38716 1.47924
0.141928 0.2025 1.37873 1.50164
0.141928 0.2075 1.37034 1.52404
0.141928 0.2125 1.36197 1.54644
0.141928 0.2175 1.35363 1.56882
0.141928 0.2225 1.34532 1.59119
0.141928 0.2275 1.33704 1.61355
0.141928 0.2325 1.32879 1.6359
0.141928 0.2375 1.32058 1.65823
0.141928 0.2425 1.3124 1.68053
0.141928 0.2475 1.30425 1.70281
0.141928 0.2525 1.29614 1.72506
0.141928 0.2575 1.28806 1.74727
0.141928 0.2625 1.28003 1.76944
0.141928 0.2675 1.27204 1.79157
0.141928 0.2725 1.26409 1.81364
0.141928 0.2775 1.25619 1.83565
0.141928 0.2825 1.24834 1.85759
0.141928 0.2875 1.24054 1.87945
0.141928 0.2925 1.2328 1.90122
0.141928 0.2975 1.22513 1.92288
0.141928 0.3025 1.21752 1.94441
0.141928 0.3075 1.20998 1.96581
0.141928 0.3125 1.20253 1.98704
0.141928 0.3175 1.19516 2.00807
0.141928 0.3225 1.1879 2.02889
0.141928 0.3275 1.18075 2.04944
0.141928 0.3325 1.17372 2.06969
0.141928 0.3375 1.16684 2.08958
0.141928 0.3425 1.16013 2.10905
0.141928 0.3475 1.1536 2.12802
0.141928 0.3525 1.1473 2.14641
0.141928 0.3575 1.14124 2.16412
0.141928 0.3625 1.13547 2.18103
0.141928 0.3675 1.13003 2.19701
0.141928 0.3725 1.12498 2.21191
0.141928 0.3775 1.12035 2.22558
0.141928 0.3825 1.11619 2.23786
0.141928 0.3875 1.11256 2.24861
0.141928 0.3925 1.10949 2.25774
0.141928 0.3975 1.10698 2.26517
0.141928 0.4025 1.10504 2.27093
0.141928 0.4075 1.10364 2.27511
0.141928 0.4125 1.1027 2.27789
0.141928 0.4175 1.10214 2.27953
0.141928 0.4225 1.10188 2.28028
0.141928 0.4275 1.10183 2.28044
0.141928 0.4325 1.10189 2.28022
0.141928 0.4375 1.10202 2.27982
0.141928 0.4425 1.10217 2.27935
0.141928 0.4475 1.10232 2.27889
0.141928 0.4525 1.10246 2.27848
0.141928 0.4575 1.10257 2.27811
0.141928 0.4625 1.10267 2.27779
0.141928 0.4675 1.10276 2.27752
0.141928 0.4725 1.10283 2.2773
0.141928 0.4775 1.10289 2.2771
0.141928 0.4825 1.10294 2.27693
0.141928 0.4875 1.10298 2.27679
0.141928 0.4925 1.10302 2.27666
0.141928 0.4975 1.10305 2.27655
0.141928 0.5025 1.10307 2.27646
0.141928 0.5075 1.10309 2.27638
0.141928 0.5125 1.10311 2.27631
0.141928 0.5175 1.10312 2.27624
0.141928 0.5225 1.10314 2.27619
0.141928 0.5275 1.10315 2.27614
0.141928 0.5325 1.10315 2.2761
0.141928 0.5375 1.10316 2.27606
0.141928 0.5425 1.10316 2.27603
0.141928 0.5475 1.10317 2.276
0.141928 0.5525 1.10317 2.27597
0.141928 0.5575 1.10317 2.27595
0.141928 0.5625 1.10317 2.27593
0.141928 0.5675 1.10317 2.27591
0.141928 0.5725 1.10316 2.27589
0.141928 0.5775 1.10316 2.27587
0.141928 0.5825 1.10316 2.27586
0.141928 0.5875 1.10315 2.27585
0.141928 0.5925 1.10315 2.27584
0.141928 0.5975 1.10315 2.27583
0.141928 0.6025 1.10314 2.27582
0.141928 0.6075 1.10314 2.27581
0.141928 0.6125 1.10313 2.2758
0.141928 0.6175 1.10313 2.27579
0.141928 0.6225 1.10312 2.27578
0.141928 0.6275 1.10311 2.27577
0.141928 0.6325 1.10311 2.27576
0.141928 0.6375 1.1031 2.27576
0.141928 0.6425 1.10309 2.27575
0.141928 0.6475 1.10309 2.27574
0.141928 0.6525 1.10308 2.27573
0.141928 0.6575 1.10307 2.27572
0.141928 0.6625 1.10307 2.27572
0.141928 0.6675 1.10306 2.27571
0.141928 0.6725 1.10305 2.2757
0.141928 0.6775 1.10304 2.27569
0.141928 0.6825 1.10304 2.27568
0.141928 0.6875 1.10303 2.27567
0.141928 0.6925 1.10302 2.27566
0.141928 0.6975 1.10301 2.27565
0.141928 0.7025 1.10301 2.27564
0.141928 0.7075 1.103 2.27563
0.141928 0.7125 1.10299 2.27562
0.141928 0.7175 1.10298 2.27561
0.141928 0.7225 1.10297 2.2756
0.141928 0.7275 1.10297 2.27559
0.141928 0.7325 1.10296 2.27558
0.141928 0.7375 1.10295 2.27557
0.141928 0.7425 1.10294 2.27555
0.141928 0.7475 1.10293 2.27554
0.141928 0.7525 1.10292 2.27553
0.141928 0.7575 1.10292 2.27551
0.141928 0.7625 1.10291 2.2755
0.141928 0.7675 1.1029 2.27548
0.141928 0.7725 1.10289 2.27547
0.141928 0.7775 1.10288 2.27545
0.141928 0.7825 1.10287 2.27544
0.141928 0.7875 1.10286 2.27542
0.141928 0.7925 1.10285 2.2754
0.141928 0.7975 1.10284 2.27538
0.141928 0.8025 1.10283 2.27537
0.141928 0.8075 1.10282 2.27535
0.141928 0.8125 1.10281 2.27533
0.141928 0.8175 1.1028 2.27531
0.141928 0.8225 1.10279 2.27529
0.141928 0.8275 1.10278 2.27527
0.141928 0.8325 1.10277 2.27525
0.141928 0.8375 1.10276 2.27522
0.141928 0.8425 1.10275 2.2752
0.141928 0.8475 1.10274 2.27518
0.141928 0.8525 1.10273 2.27515
0.141928 0.8575 1.10272 2.27513
0.141928 0.8625 1.10271 2.2751
0.141928 0.8675 1.1027 2.27508
0.141928 0.8725 1.10268 2.27505
0.141928 0.8775 1.10267 2.27502
0.141928 0.8825 1.10266 2.27499
0.141928 0.8875 1.10265 2.27496
0.141928 0.8925 1.10263 2.27493
0.141928 0.8975 1.10262 2.2749
0.141928 0.9025 1.10261 2.27487
0.141928 0.9075 1.10259 2.27484
0.141928 0.9125 1.10258 2.2748
0.141928 0.9175 1.10256 2.27477
0.141928 0.9225 1.10255 2.27474
0.141928 0.9275 1.10253 2.27471
0.141928 0.9325 1.1025 2.27472
0.141928 0.9375 1.10244 2.2748
0.141928 0.9425 1.10233 2.27504
0.141928 0.9475 1.10211 2.27561
0.141928 0.9525 1.10171 2.2767
0.141928 0.9575 1.10107 2.27854
0.141928 0.9625 1.10015 2.28118
0.141928 0.9675 1.09904 2.28439
0.141928 0.9725 1.09792 2.28762
0.141928 0.9775 1.09703 2.29018
0.141928 0.9825 1.09649 2.29168
0.141928 0.9875 1.09627 2.29223
0.141928 0.9925 1.09621 2.29229
0.141928 0.9975 1.09621 2.29229

0.162117 0.0025 1.61026 0.90772
0.162117 0.0075 1.61026 0.90772
0.162117 0.0125 1.60245 0.927013
0.162117 0.0175 1.59463 0.946391
0.162117 0.0225 1.58682 0.965797
0.162117 0.0275 1.57901 0.985229
0.162117 0.0325 1.57121 1.00469
0.162117 0.0375 1.56343 1.02417
0.162117 0.0425 1.55565 1.04367
0.162117 0.0475 1.54788 1.06319
0.162117 0.0525 1.54013 1.08274
0.162117 0.0575 1.53239 1.1023
0.162117 0.0625 1.52466 1.12188
0.162117 0.0675 1.51695 1.14147
0.162117 0.0725 1.50924 1.16109
0.162117 0.0775 1.50156 1.18071
0.162117 0.0825 1.49388 1.20035
0.162117 0.0875 1.48622 1.22
0.162117 0.0925 1.47858 1.23967
0.162117 0.0975 1.47095 1.25934
0.162117 0.1025 1.46334 1.27903
0.162117 0.1075 1.45574 1.29872
0.162117 0.1125 1.44816 1.31842
0.162117 0.1175 1.4406 1.33813
0.162117 0.1225 1.43306 1.35785
0.162117 0.1275 1.42553 1.37757
0.162117 0.1325 1.41802 1.39729
0.162117 0.1375 1.41053 1.41702
0.162117 0.1425 1.40306 1.43675
0.162117 0.1475 1.39561 1.45648
0.162117 0.1525 1.38817 1.47621
0.162117 0.1575 1.38076 1.49594
0.162117 0.1625 1.37337 1.51567
0.162117 0.1675 1.366 1.53539
0.162117 0.1725 1.35865 1.55511
0.162117 0.1775 1.35132 1.57483
0.162117 0.1825 1.34402 1.59453
0.162117 0.1875 1.33674 1.61423
0.162117 0.1925 1.32948 1.63392
0.162117 0.1975 1.32224 1.65359
0.162117 0.2025 1.31504 1.67325
0.162117 0.2075 1.30785 1.69289
0.162117 0.2125 1.3007 1.7125
0.162117 0.2175 1.29357 1.7321
0.162117 0.2225 1.28647 1.75167
0.162117 0.2275 1.2794 1.77121
0.162117 0.2325 1.27237 1.79072
0.162117 0.2375 1.26536 1.81019
0.162117 0.2425 1.25839 1.82962
0.162117 0.2475 1.25146 1.849
0.162117 0.2525 1.24456 1.86832
0.162117 0.2575 1.23771 1.88758
0.162117 0.2625 1.2309 1.90677
0.162117 0.2675 1.22413 1.92588
0.162117 0.2725 1.21742 1.9449
0.162117 0.2775 1.21076 1.96382
0.162117 0.2825 1.20416 1.98262
0.162117 0.2875 1.19762 2.00128
0.162117 0.2925 1.19116 2.01979
0.162117 0.2975 1.18478 2.03811
0.162117 0.3025 1.17848 2.05623
0.162117 0.3075 1.17229 2.07411
0.162117 0.3125 1.1662 2.09172
0.162117 0.3175 1.16025 2.109
0.162117 0.3225 1.15443 2.12592
0.162117 0.3275 1.14878 2.14239
0.162117 0.3325 1.14331 2.15836
0.162117 0.3375 1.13806 2.17375
0.162117 0.3425 1.13305 2.18846
0.162117 0.3475 1.12832 2.20239
0.162117 0.3525 1.12389 2.21543
0.162117 0.3575 1.11982 2.22746
0.162117 0.3625 1.11614 2.23836
0.162117 0.3675 1.11287 2.24803
0.162117 0.3725 1.11006 2.25639
0.162117 0.3775 1.10771 2.26336
0.162117 0.3825 1.10582 2.26897
0.162117 0.3875 1.10438 2.27324
0.162117 0.3925 1.10335 2.2763
0.162117 0.3975 1.10267 2.27831
0.162117 0.4025 1.10228 2.27946
0.162117 0.4075 1.10211 2.27997
0.162117 0.4125 1.10208 2.28005
0.162117 0.4175 1.10214 2.27985
0.162117 0.4225 1.10225 2.27951
0.162117 0.4275 1.10238 2.27912
0.162117 0.4325 1.1025 2.27873
0.162117 0.4375 1.10262 2.27837
0.162117 0.4425 1.10272 2.27805
0.162117 0.4475 1.10281 2.27778
0.162117 0.4525 1.10288 2.27754
0.162117 0.4575 1.10295 2.27734
0.162117 0.4625 1.103 2.27717
0.162117 0.4675 1.10304 2.27702
0.162117 0.4725 1.10308 2.2769
0.162117 0.4775 1.10311 2.27679
0.162117 0.4825 1.10314 2.27669
0.162117 0.4875 1.10316 2.27661
0.162117 0.4925 1.10318 2.27654
0.162117 0.4975 1.1032 2.27648
0.162117 0.5025 1.10321 2.27643
0.162117 0.5075 1.10322 2.27638
0.162117 0.5125 1.10323 2.27634
0.162117 0.5175 1.10324 2.2763
0.162117 0.5225 1.10324 2.27627
0.162117 0.5275 1.10325 2.27624
0.162117 0.5325 1.10325 2.27622
0.162117 0.5375 1.10325 2.2762
0.162117 0.5425 1.10325 2.27618
0.162117 0.5475 1.10325 2.27616
0.162117 0.5525 1.10325 2.27615
0.162117 0.5575 1.10325 2.27614
0.162117 0.5625 1.10325 2.27613
0.162117 0.5675 1.10324 2.27612
0.162117 0.5725 1.10324 2.27611
0.162117 0.5775 1.10324 2.2761
0.162117 0.5825 1.10323 2.27609
0.162117 0.5875 1.10323 2.27609
0.162117 0.5925 1.10323 2.27608
0.162117 0.5975 1.10322 2.27608
0.162117 0.6025 1.10322 2.27607
0.162117 0.6075 1.10321 2.27607
0.162117 0.6125 1.10321 2.27606
0.162117 0.6175 1.1032 2.27606
0.162117 0.6225 1.1032 2.27606
0.162117 0.6275 1.10319 2.27605
0.162117 0.6325 1.10319 2.27605
0.162117 0.6375 1.10318 2.27604
0.162117 0.6425 1.10317 2.27604
0.162117 0.6475 1.10317 2.27604
0.162117 0.6525 1.10316 2.27603
0.162117 0.6575 1.10316 2.27603
0.162117 0.6625 1.10315 2.27603
0.162117 0.6675 1.10315 2.27602
0.162117 0.6725 1.10314 2.27602
0.162117 0.6775 1.10313 2.27601
0.162117 0.6825 1.10313 2.27601
0.162117 0.6875 1.10312 2.276
0.162117 0.6925 1.10312 2.276
0.162117 0.6975 1.10311 2.27599
0.162117 0.7025 1.1031 2.27599
0.162117 0.7075 1.1031 2.27598
0.162117 0.7125 1.10309 2.27597
0.162117 0.7175 1.10308 2.27597
0.162117 0.7225 1.10308 2.27596
0.162117 0.7275 1.10307 2.27596
0.162117 0.7325 1.10307 2.27595
0.162117 0.7375 1.10306 2.27594
0.162117 0.7425 1.10305 2.27593
0.162117 0.7475 1.10305 2.27593
0.162117 0.7525 1.10304 2.27592
0.162117 0.7575 1.10303 2.27591
0.162117 0.7625 1.10303 2.2759
0.162117 0.7675 1.10302 2.27589
0.162117 0.7725 1.10301 2.27588
0.162117 0.7775 1.10301 2.27587
0.162117 0.7825 1.103 2.27586
0.162117 0.7875 1.10299 2.27585
0.162117 0.7925 1.10299 2.27584
0.162117 0.7975 1.10298 2.27583
0.162117 0.8025 1.10297 2.27582
0.162117 0.8075 1.10297 2.27581
0.162117 0.8125 1.10296 2.2758
0.162117 0.8175 1.10295 2.27579
0.162117 0.8225 1.10294 2.27577
0.162117 0.8275 1.10294 2.27576
0.162117 0.8325 1.10293 2.27575
0.162117 0.8375 1.10292 2.27574
0.162117 0.8425 1.10291 2.27572
0.162117 0.8475 1.10291 2.27571
0.162117 0.8525 1.1029 2.27569
0.162117 0.8575 1.10289 2.27568
0.162117 0.8625 1.10288 2.27566
0.162117 0.8675 1.10288 2.27565
0.162117 0.8725 1.10287 2.27563
0.162117 0.8775 1.10286 2.27561
0.162117 0.8825 1.10285 2.2756
0.162117 0.8875 1.10284 2.27558
0.162117 0.8925 1.10283 2.27557
0.162117 0.8975 1.10282 2.27557
0.162117 0.9025 1.10279 2.2756
0.162117 0.9075 1.10275 2.27567
0.162117 0.9125 1.10269 2.27582
0.162117 0.9175 1.10257 2.27613
0.162117 0.9225 1.10237 2.27668
0.162117 0.9275 1.10205 2.27756
0.162117 0.9325 1.1016 2.27887
0.162117 0.9375 1.10099 2.28063
0.162117 0.9425 1.10025 2.28281
0.162117 0.9475 1.09942 2.28523
0.162117 0.9525 1.09859 2.28764
0.162117 0.9575 1.09786 2.28977
0.162117 0.9625 1.09729 2.29141
0.162117 0.9675 1.09691 2.29248
0.162117 0.9725 1.0967 2.29305
0.162117 0.9775 1.09661 2.29328
0.162117 0.9825 1.09657 2.29333
0.162117 0.9875 1.09655 2.29332
0.162117 0.9925 1.09654 2.29329
0.162117 0.9975 1.09654 2.29329

0.182301 0.0025 1.52432 1.12217
0.182301 0.0075 1.52432 1.12217
0.182301 0.0125 1.51745 1.13962
0.182301 0.0175 1.51056 1.15714
0.182301 0.0225 1.50369 1.17468
0.182301 0.0275 1.49683 1.19222
0.182301 0.0325 1.48998 1.20977
0.182301 0.0375 1.48315 1.22733
0.182301 0.0425 1.47632 1.2449
0.182301 0.0475 1.46951 1.26248
0.182301 0.0525 1.46272 1.28006
0.182301 0.0575 1.45593 1.29765
0.182301 0.0625 1.44916 1.31525
0.182301 0.0675 1.4424 1.33285
0.182301 0.0725 1.43566 1.35046
0.182301 0.0775 1.42893 1.36807
0.182301 0.0825 1.42222 1.38568
0.182301 0.0875 1.41552 1.4033
0.182301 0.0925 1.40883 1.42092
0.182301 0.0975 1.40216 1.43854
0.182301 0.1025 1.39551 1.45616
0.182301 0.1075 1.38887 1.47378
0.182301 0.1125 1.38225 1.4914
0.182301 0.1175 1.37565 1.50903
0.182301 0.1225 1.36906 1.52664
0.182301 0.1275 1.36249 1.54426
0.182301 0.1325 1.35593 1.56187
0.182301 0.1375 1.34939 1.57948
0.182301 0.1425 1.34287 1.59708
0.182301 0.1475 1.33637 1.61467
0.182301 0.1525 1.32989 1.63226
0.182301 0.1575 1.32343 1.64984
0.182301 0.1625 1.31699 1.6674
0.182301 0.1675 1.31056 1.68496
0.182301 0.1725 1.30416 1.7025
0.182301 0.1775 1.29778 1.72003
0.182301 0.1825 1.29142 1.73753
0.182301 0.1875 1.28508 1.75502
0.182301 0.1925 1.27877 1.77249
0.182301 0.1975 1.27248 1.78993
0.182301 0.2025 1.26622 1.80735
0.182301 0.2075 1.25998 1.82473
0.182301 0.2125 1.25378 1.84208
0.182301 0.2175 1.2476 1.85939
0.182301 0.2225 1.24145 1.87666
0.182301 0.2275 1.23533 1.89388
0.182301 0.2325 1.22925 1.91105
0.182301 0.2375 1.2232 1.92816
0.182301 0.2425 1.2172 1.94519
0.182301 0.2475 1.21123 1.96215
0.182301 0.2525 1.20531 1.97902
0.182301 0.2575 1.19944 1.9958
0.182301 0.2625 1.19362 2.01246
0.182301 0.2675 1.18787 2.02899
0.182301 0.2725 1.18217 2.04537
0.182301 0.2775 1.17655 2.06159
0.182301 0.2825 1.17101 2.07762
0.182301 0.2875 1.16556 2.09343
0.182301 0.2925 1.1602 2.10899
0.182301 0.2975 1.15496 2.12425
0.182301 0.3025 1.14984 2.13919
0.182301 0.3075 1.14487 2.15373
0.182301 0.3125 1.14006 2.16784
0.182301 0.3175 1.13543 2.18143
0.182301 0.3225 1.13101 2.19444
0.182301 0.3275 1.12683 2.20679
0.182301 0.3325 1.12291 2.21838
0.182301 0.3375 1.11928 2.22912
0.182301 0.3425 1.11597 2.23892
0.182301 0.3475 1.11301 2.24771
0.182301 0.3525 1.11042 2.25539
0.182301 0.3575 1.10822 2.26194
0.182301 0.3625 1.10641 2.26734
0.182301 0.3675 1.10498 2.2716
0.182301 0.3725 1.10391 2.27481
0.182301 0.3775 1.10315 2.27707
0.182301 0.3825 1.10266 2.27852
0.182301 0.3875 1.10239 2.27934
0.182301 0.3925 1.10228 2.27968
0.182301 0.3975 1.10227 2.27969
0.182301 0.4025 1.10234 2.2795
0.182301 0.4075 1.10243 2.27921
0.182301 0.4125 1.10254 2.27888
0.182301 0.4175 1.10265 2.27855
0.182301 0.4225 1.10275 2.27824
0.182301 0.4275 1.10284 2.27797
0.182301 0.4325 1.10292 2.27774
0.182301 0.4375 1.10298 2.27753
0.182301 0.4425 1.10304 2.27736
0.182301 0.4475 1.10309 2.27721
0.182301 0.4525 1.10313 2.27708
0.182301 0.4575 1.10316 2.27697
0.182301 0.4625 1.10319 2.27687
0.182301 0.4675 1.10321 2.27679
0.182301 0.4725 1.10323 2.27672
0.182301 0.4775 1.10325 2.27666
0.182301 0.4825 1.10327 2.27661
0.182301 0.4875 1.10328 2.27656
0.182301 0.4925 1.10329 2.27652
0.182301 0.4975 1.10329 2.27649
0.182301 0.5025 1.1033 2.27646
0.182301 0.5075 1.10331 2.27643
0.182301 0.5125 1.10331 2.27641
0.182301 0.5175 1.10331 2.27639
0.182301 0.5225 1.10331 2.27637
0.182301 0.5275 1.10331 2.27636
0.182301 0.5325 1.10331 2.27635
0.182301 0.5375 1.10331 2.27634
0.182301 0.5425 1.10331 2.27633
0.182301 0.5475 1.10331 2.27632
0.182301 0.5525 1.10331 2.27631
0.182301 0.5575 1.10331 2.27631
0.182301 0.5625 1.1033 2.2763
0.182301 0.5675 1.1033 2.2763
0.182301 0.5725 1.1033 2.27629
0.182301 0.5775 1.10329 2.27629
0.182301 0.5825 1.10329 2.27629
0.182301 0.5875 1.10328 2.27629
0.182301 0.5925 1.10328 2.27628
0.182301 0.5975 1.10328 2.27628
0.182301 0.6025 1.10327 2.27628
0.182301 0.6075 1.10327 2.27628
0.182301 0.6125 1.10326 2.27628
0.182301 0.6175 1.10326 2.27628
0.182301 0.6225 1.10325 2.27628
0.182301 0.6275 1.10325 2.27627
0.182301 0.6325 1.10324 2.27627
0.182301 0.6375 1.10324 2.27627
0.182301 0.6425 1.10323 2.27627
0.182301 0.6475 1.10323 2.27627
0.182301 0.6525 1.10322 2.27627
0.182301 0.6575 1.10322 2.27627
0.182301 0.6625 1.10321 2.27626
0.182301 0.6675 1.10321 2.27626
0.182301 0.6725 1.1032 2.27626
0.182301 0.6775 1.1032 2.27626
0.182301 0.6825 1.10319 2.27626
0.182301 0.6875 1.10319 2.27625
0.182301 0.6925 1.10318 2.27625
0.182301 0.6975 1.10318 2.27625
0.182301 0.7025 1.10317 2.27625
0.182301 0.7075 1.10317 2.27624
0.182301 0.7125 1.10316 2.27624
0.182301 0.7175 1.10316 2.27624
0.182301 0.7225 1.10315 2.27623
0.182301 0.7275 1.10315 2.27623
0.182301 0.7325 1.10314 2.27622
0.182301 0.7375 1.10314 2.27622
0.182301 0.7425 1.10313 2.27622
0.182301 0.7475 1.10313 2.27621
0.182301 0.7525 1.10312 2.27621
0.182301 0.7575 1.10312 2.2762
0.182301 0.7625 1.10311 2.2762
0.182301 0.7675 1.10311 2.27619
0.182301 0.7725 1.1031 2.27619
0.182301 0.7775 1.1031 2.27618
0.182301 0.7825 1.10309 2.27617
0.182301 0.7875 1.10309 2.27617
0.182301 0.7925 1.10308 2.27616
0.182301 0.7975 1.10307 2.27615
0.182301 0.8025 1.10307 2.27615
0.182301 0.8075 1.10306 2.27614
0.182301 0.8125 1.10306 2.27613
0.182301 0.8175 1.10305 2.27612
0.182301 0.8225 1.10305 2.27612
0.182301 0.8275 1.10304 2.27611
0.182301 0.8325 1.10304 2.2761
0.182301 0.8375 1.10303 2.27609
0.182301 0.8425 1.10302 2.27608
0.182301 0.8475 1.10302 2.27607
0.182301 0.8525 1.10301 2.27607
0.182301 0.8575 1.10301 2.27606
0.182301 0.8625 1.103 2.27606
0.182301 0.8675 1.10299 2.27606
0.182301 0.8725 1.10297 2.27608
0.182301 0.8775 1.10295 2.27613
0.182301 0.8825 1.1029 2.27622
0.182301 0.8875 1.10283 2.2764
0.182301 0.8925 1.10272 2.2767
0.182301 0.8975 1.10256 2.27717
0.182301 0.9025 1.10231 2.27788
0.182301 0.9075 1.10196 2.27888
0.182301 0.9125 1.10151 2.2802
0.182301 0.9175 1.10095 2.28182
0.182301 0.9225 1.10031 2.2837
0.182301 0.9275 1.09963 2.28572
0.182301 0.9325 1.09894 2.28773
0.182301 0.9375 1.09831 2.28958
0.182301 0.9425 1.09778 2.29113
0.182301 0.9475 1.09738 2.2923
0.182301 0.9525 1.0971 2.2931
0.182301 0.9575 1.09693 2.29357
0.182301 0.9625 1.09684 2.29382
0.182301 0.9675 1.09679 2.29391
0.182301 0.9725 1.09677 2.29394
0.182301 0.9775 1.09676 2.29393
0.182301 0.9825 1.09675 2.29391
0.182301 0.9875 1.09674 2.29389
0.182301 0.9925 1.09674 2.29387
0.182301 0.9975 1.09674 2.29387

0.200061 0.0025 1.46347 1.27771
0.200061 0.0075 1.46347 1.27771
0.200061 0.0125 1.45728 1.29374
0.200061 0.0175 1.45109 1.30982
0.200061 0.0225 1.44491 1.32591
0.200061 0.0275 1.43874 1.342
0.200061 0.0325 1.43258 1.3581
0.200061 0.0375 1.42644 1.3742
0.200061 0.0425 1.42031 1.3903
0.200061 0.0475 1.41419 1.4064
0.200061 0.0525 1.40808 1.4225
0.200061 0.0575 1.40198 1.43861
0.200061 0.0625 1.3959 1.45471
0.200061 0.0675 1.38983 1.47082
0.200061 0.0725 1.38378 1.48693
0.200061 0.0775 1.37774 1.50303
0.200061 0.0825 1.37171 1.51914
0.200061 0.0875 1.36569 1.53524
0.200061 0.0925 1.35969 1.55134
0.200061 0.0975 1.35371 1.56743
0.200061 0.1025 1.34774 1.58353
0.200061 0.1075 1.34178 1.59962
0.200061 0.1125 1.33584 1.6157
0.200061 0.1175 1.32992 1.63177
0.200061 0.1225 1.32401 1.64784
0.200061 0.1275 1.31811 1.66391
0.200061 0.1325 1.31224 1.67996
0.200061 0.1375 1.30638 1.696
0.200061 0.1425 1.30054 1.71203
0.200061 0.1475 1.29471 1.72805
0.200061 0.1525 1.28891 1.74405
0.200061 0.1575 1.28312 1.76004
0.200061 0.1625 1.27735 1.77601
0.200061 0.1675 1.2716 1.79196
0.200061 0.1725 1.26588 1.80789
0.200061 0.1775 1.26017 1.82379
0.200061 0.1825 1.25449 1.83967
0.200061 0.1875 1.24883 1.85552
0.200061 0.1925 1.24319 1.87134
0.200061 0.1975 1.23758 1.88712
0.200061 0.2025 1.232 1.90285
0.200061 0.2075 1.22645 1.91855
0.200061 0.2125 1.22093 1.93419
0.200061 0.2175 1.21544 1.94978
0.200061 0.2225 1.20998 1.9653
0.200061 0.2275 1.20456 1.98075
0.200061 0.2325 1.19918 1.99612
0.200061 0.2375 1.19385 2.0114
0.200061 0.2425 1.18856 2.02658
0.200061 0.2475 1.18333 2.04165
0.200061 0.2525 1.17815 2.05658
0.200061 0.2575 1.17303 2.07137
0.200061 0.2625 1.16799 2.08599
0.200061 0.2675 1.16302 2.10041
0.200061 0.2725 1.15813 2.11462
0.200061 0.2775 1.15335 2.12858
0.200061 0.2825 1.14867 2.14225
0.200061 0.2875 1.14411 2.15559
0.200061 0.2925 1.13969 2.16856
0.200061 0.2975 1.13542 2.1811
0.200061 0.3025 1.13133 2.19315
0.200061 0.3075 1.12743 2.20465
0.200061 0.3125 1.12375 2.21553
0.200061 0.3175 1.12031 2.2257
0.200061 0.3225 1.11715 2.2351
0.200061 0.3275 1.11427 2.24365
0.200061 0.3325 1.1117 2.25128
0.200061 0.3375 1.10946 2.25795
0.200061 0.3425 1.10756 2.26362
0.200061 0.3475 1.106 2.2683
0.200061 0.3525 1.10476 2.272
0.200061 0.3575 1.10382 2.27481
0.200061 0.3625 1.10316 2.2768
0.200061 0.3675 1.10272 2.27812
0.200061 0.3725 1.10247 2.27888
0.200061 0.3775 1.10236 2.27922
0.200061 0.3825 1.10235 2.27928
0.200061 0.3875 1.1024 2.27915
0.200061 0.3925 1.10248 2.27892
0.200061 0.3975 1.10258 2.27864
0.200061 0.4025 1.10268 2.27835
0.200061 0.4075 1.10277 2.27808
0.200061 0.4125 1.10286 2.27784
0.200061 0.4175 1.10293 2.27763
0.200061 0.4225 1.103 2.27745
0.200061 0.4275 1.10305 2.27729
0.200061 0.4325 1.1031 2.27716
0.200061 0.4375 1.10314 2.27705
0.200061 0.4425 1.10318 2.27695
0.200061 0.4475 1.10321 2.27687
0.200061 0.4525 1.10323 2.2768
0.200061 0.4575 1.10325 2.27674
0.200061 0.4625 1.10327 2.27669
0.200061 0.4675 1.10329 2.27665
0.200061 0.4725 1.1033 2.27661
0.200061 0.4775 1.10331 2.27658
0.200061 0.4825 1.10332 2.27655
0.200061 0.4875 1.10333 2.27653
0.200061 0.4925 1.10334 2.27651
0.200061 0.4975 1.10334 2.2765
0.200061 0.5025 1.10335 2.27648
0.200061 0.5075 1.10335 2.27647
0.200061 0.5125 1.10335 2.27646
0.200061 0.5175 1.10335 2.27646
0.200061 0.5225 1.10335 2.27645
0.200061 0.5275 1.10335 2.27645
0.200061 0.5325 1.10335 2.27644
0.200061 0.5375 1.10335 2.27644
0.200061 0.5425 1.10335 2.27644
0.200061 0.5475 1.10335 2.27643
0.200061 0.5525 1.10334 2.27643
0.200061 0.5575 1.10334 2.27643
0.200061 0.5625 1.10334 2.27643
0.200061 0.5675 1.10333 2.27643
0.200061 0.5725 1.10333 2.27643
0.200061 0.5775 1.10333 2.27643
0.200061 0.5825 1.10332 2.27643
0.200061 0.5875 1.10332 2.27643
0.200061 0.5925 1.10332 2.27643
0.200061 0.5975 1.10331 2.27643
0.200061 0.6025 1.10331 2.27643
0.200061 0.6075 1.1033 2.27643
0.200061 0.6125 1.1033 2.27643
0.200061 0.6175 1.10329 2.27643
0.200061 0.6225 1.10329 2.27643
0.200061 0.6275 1.10329 2.27644
0.200061 0.6325 1.10328 2.27644
0.200061 0.6375 1.10328 2.27644
0.200061 0.6425 1.10327 2.27644
0.200061 0.6475 1.10327 2.27644
0.200061 0.6525 1.10326 2.27644
0.200061 0.6575 1.10326 2.27644
0.200061 0.6625 1.10326 2.27644
0.200061 0.6675 1.10325 2.27644
0.200061 0.6725 1.10325 2.27643
0.200061 0.6775 1.10324 2.27643
0.200061 0.6825 1.10324 2.27643
0.200061 0.6875 1.10323 2.27643
0.200061 0.6925 1.10323 2.27643
0.200061 0.6975 1.10322 2.27643
0.200061 0.7025 1.10322 2.27643
0.200061 0.7075 1.10322 2.27643
0.200061 0.7125 1.10321 2.27643
0.200061 0.7175 1.10321 2.27642
0.200061 0.7225 1.1032 2.27642
0.200061 0.7275 1.1032 2.27642
0.200061 0.7325 1.10319 2.27642
0.200061 0.7375 1.10319 2.27641
0.200061 0.7425 1.10319 2.27641
0.200061 0.7475 1.10318 2.27641
0.200061 0.7525 1.10318 2.27641
0.200061 0.7575 1.10317 2.2764
0.200061 0.7625 1.10317 2.2764
0.200061 0.7675 1.10316 2.2764
0.200061 0.7725 1.10316 2.27639
0.200061 0.7775 1.10315 2.27639
0.200061 0.7825 1.10315 2.27638
0.200061 0.7875 1.10315 2.27638
0.200061 0.7925 1.10314 2.27637
0.200061 0.7975 1.10314 2.27637
0.200061 0.8025 1.10313 2.27637
0.200061 0.8075 1.10313 2.27636
0.200061 0.8125 1.10312 2.27636
0.200061 0.8175 1.10312 2.27635
0.200061 0.8225 1.10311 2.27635
0.200061 0.8275 1.10311 2.27634
0.200061 0.8325 1.1031 2.27634
0.200061 0.8375 1.1031 2.27634
0.200061 0.8425 1.10309 2.27635
0.200061 0.8475 1.10307 2.27637
0.200061 0.8525 1.10305 2.2764
0.200061 0.8575 1.10302 2.27648
0.200061 0.8625 1.10297 2.2766
0.200061 0.8675 1.1029 2.27681
0.200061 0.8725 1.10278 2.27713
0.200061 0.8775 1.10261 2.27761
0.200061 0.8825 1.10238 2.27829
0.200061 0.8875 1.10206 2.2792
0.200061 0.8925 1.10167 2.28037
0.200061 0.8975 1.10119 2.28178
0.200061 0.9025 1.10064 2.28339
0.200061 0.9075 1.10004 2.28515
0.200061 0.9125 1.09943 2.28695
0.200061 0.9175 1.09884 2.28869
0.200061 0.9225 1.09831 2.29025
0.200061 0.9275 1.09786 2.29157
0.200061 0.9325 1.09751 2.29259
0.200061 0.9375 1.09726 2.29333
0.200061 0.9425 1.09709 2.2938
0.200061 0.9475 1.09699 2.29408
0.200061 0.9525 1.09693 2.29422
0.200061 0.9575 1.0969 2.29428
0.200061 0.9625 1.09689 2.29429
0.200061 0.9675 1.09688 2.29429
0.200061 0.9725 1.09687 2.29428
0.200061 0.9775 1.09687 2.29427
0.200061 0.9825 1.09686 2.29425
0.200061 0.9875 1.09686 2.29424
0.200061 0.9925 1.09685 2.29422
0.200061 0.9975 1.09685 2.29422

