0 0.0025 1.29738 0.818566
0 0.0075 1.29751 0.818842
0 0.0125 1.29764 0.819111
0 0.0175 1.29776 0.819373
0 0.0225 1.29788 0.819628
0 0.0275 1.298 0.819876
0 0.0325 1.29811 0.820117
0 0.0375 1.29822 0.820351
0 0.0425 1.29833 0.820578
0 0.0475 1.29844 0.820798
0 0.0525 1.29854 0.821011
0 0.0575 1.29863 0.821217
0 0.0625 1.29873 0.821416
0 0.0675 1.29882 0.821608
0 0.0725 1.29891 0.821793
0 0.0775 1.29899 0.821971
0 0.0825 1.29907 0.822141
0 0.0875 1.29915 0.822305
0 0.0925 1.29922 0.822461
0 0.0975 1.29929 0.822611
0 0.1025 1.29936 0.822753
0 0.1075 1.29942 0.822889
0 0.1125 1.29948 0.823017
0 0.1175 1.29954 0.823138
0 0.1225 1.29959 0.823252
0 0.1275 1.29965 0.823359
0 0.1325 1.29969 0.823458
0 0.1375 1.29974 0.823551
0 0.1425 1.29978 0.823636
0 0.1475 1.29981 0.823715
0 0.1525 1.29985 0.823786
0 0.1575 1.29988 0.82385
0 0.1625 1.29991 0.823907
0 0.1675 1.29993 0.823957
0 0.1725 1.29995 0.824
0 0.1775 1.29997 0.824036
0 0.1825 1.29998 0.824064
0 0.1875 1.29999 0.824086
0 0.1925 1.3 0.8241
0 0.1975 1.3 0.824107
0 0.2025 1.3 0.824107
0 0.2075 1.3 0.8241
0 0.2125 1.29999 0.824086
0 0.2175 1.29998 0.824064
0 0.2225 1.29997 0.824036
0 0.2275 1.29995 0.824
0 0.2325 1.29993 0.823957
0 0.2375 1.29991 0.823907
0 0.2425 1.29988 0.82385
0 0.2475 1.29985 0.823786
0 0.2525 1.29981 0.823715
0 0.2575 1.29978 0.823636
0 0.2625 1.29974 0.823551
0 0.2675 1.29969 0.823458
0 0.2725 1.29965 0.823359
0 0.2775 1.29959 0.823252
0 0.2825 1.29954 0.823138
0 0.2875 1.29948 0.823017
0 0.2925 1.29942 0.822889
0 0.2975 1.29936 0.822753
0 0.3025 1.29929 0.822611
0 0.3075 1.29922 0.822461
0 0.3125 1.29915 0.822305
0 0.3175 1.29907 0.822141
0 0.3225 1.29899 0.821971
0 0.3275 1.29891 0.821793
0 0.3325 1.29882 0.821608
0 0.3375 1.29873 0.821416
0 0.3425 1.29863 0.821217
0 0.3475 1.29854 0.821011
0 0.3525 1.29844 0.820798
0 0.3575 1.29833 0.820578
0 0.3625 1.29822 0.820351
0 0.3675 1.29811 0.820117
0 0.3725 1.298 0.819876
0 0.3775 1.29788 0.819628
0 0.3825 1.29776 0.819373
0 0.3875 1.29764 0.819111
0 0.3925 1.29751 0.818842
0 0.3975 1.29738 0.818566
0 0.4025 1.29725 0.818282
0 0.4075 1.29711 0.817992
0 0.4125 1.29697 0.817696
0 0.4175 1.29683 0.817392
0 0.4225 1.29668 0.817081
0 0.4275 1.29653 0.816763
0 0.4325 1.29638 0.816438
0 0.4375 1.29622 0.816107
0 0.4425 1.29607 0.815768
0 0.4475 1.2959 0.815423
0 0.4525 1.29574 0.815071
0 0.4575 1.29557 0.814712
0 0.4625 1.2954 0.814346
0 0.4675 1.29522 0.813973
0 0.4725 1.29504 0.813593
0 0.4775 1.29486 0.813207
0 0.4825 1.29468 0.812813
0 0.4875 1.29449 0.812413
0 0.4925 1.2943 0.812007
0 0.4975 1.2941 0.811593
0 0.5025 1.29391 0.811172
0 0.5075 1.29371 0.810745
0 0.5125 1.2935 0.810311
0 0.5175 1.2933 0.809871
0 0.5225 1.29309 0.809423
0 0.5275 1.29288 0.808969
0 0.5325 1.29266 0.808509
0 0.5375 1.29244 0.808041
0 0.5425 1.29222 0.807567
0 0.5475 1.29199 0.807086
0 0.5525 1.29177 0.806599
0 0.5575 1.29154 0.806105
0 0.5625 1.2913 0.805604
0 0.5675 1.29107 0.805097
0 0.5725 1.29083 0.804584
0 0.5775 1.29058 0.804063
0 0.5825 1.29034 0.803536
0 0.5875 1.29009 0.803003
0 0.5925 1.28984 0.802463
0 0.5975 1.28958 0.801917
0 0.6025 1.28932 0.801364
0 0.6075 1.28906 0.800804
0 0.6125 1.2888 0.800238
0 0.6175 1.28854 0.799666
0 0.6225 1.28827 0.799088
0 0.6275 1.28799 0.798502
0 0.6325 1.28772 0.797911
0 0.6375 1.28744 0.797313
0 0.6425 1.28716 0.796709
0 0.6475 1.28688 0.796098
0 0.6525 1.28659 0.795482
0 0.6575 1.2863 0.794858
0 0.6625 1.28601 0.794229
0 0.6675 1.28572 0.793593
0 0.6725 1.28542 0.792951
0 0.6775 1.28512 0.792303
0 0.6825 1.28482 0.791649
0 0.6875 1.28451 0.790988
0 0.6925 1.28421 0.790322
0 0.6975 1.28389 0.789649
0 0.7025 1.28358 0.78897
0 0.7075 1.28327 0.788284
0 0.7125 1.28295 0.787593
0 0.7175 1.28263 0.786896
0 0.7225 1.2823 0.786193
0 0.7275 1.28197 0.785483
0 0.7325 1.28165 0.784768
0 0.7375 1.28131 0.784046
0 0.7425 1.28098 0.783319
0 0.7475 1.28064 0.782586
0 0.7525 1.2803 0.781846
0 0.7575 1.27996 0.781101
0 0.7625 1.27962 0.78035
0 0.7675 1.27927 0.779593
0 0.7725 1.27892 0.77883
0 0.7775 1.27857 0.778062
0 0.7825 1.27821 0.777287
0 0.7875 1.27786 0.776507
0 0.7925 1.2775 0.775721
0 0.7975 1.27714 0.774929
0 0.8025 1.27677 0.774132
0 0.8075 1.27641 0.773329
0 0.8125 1.27604 0.77252
0 0.8175 1.27567 0.771706
0 0.8225 1.27529 0.770886
0 0.8275 1.27492 0.77006
0 0.8325 1.27454 0.769229
0 0.8375 1.27416 0.768392
0 0.8425 1.27377 0.76755
0 0.8475 1.27339 0.766702
0 0.8525 1.273 0.765848
0 0.8575 1.27261 0.76499
0 0.8625 1.27222 0.764125
0 0.8675 1.27183 0.763256
0 0.8725 1.27143 0.762381
0 0.8775 1.27103 0.7615
0 0.8825 1.27063 0.760614
0 0.8875 1.27023 0.759723
0 0.8925 1.26982 0.758827
0 0.8975 1.26942 0.757925
0 0.9025 1.26901 0.757019
0 0.9075 1.2686 0.756106
0 0.9125 1.26818 0.755189
0 0.9175 1.26777 0.754267
0 0.9225 1.26735 0.753339
0 0.9275 1.26693 0.752406
0 0.9325 1.26651 0.751469
0 0.9375 1.26609 0.750526
0 0.9425 1.26566 0.749578
0 0.9475 1.26523 0.748625
0 0.9525 1.2648 0.747667
0 0.9575 1.26437 0.746704
0 0.9625 1.26394 0.745736
0 0.9675 1.26351 0.744763
0 0.9725 1.26307 0.743786
0 0.9775 1.26263 0.742803
0 0.9825 1.26219 0.741816
0 0.9875 1.26175 0.740824
0 0.9925 1.2613 0.739827
0 0.9975 1.26086 0.738825

0.0255954 0.0025 1.29763 0.818234
0.0255954 0.0075 1.29763 0.818234
0.0255954 0.0125 1.29764 0.818214
0.0255954 0.0175 1.29765 0.818192
0.0255954 0.0225 1.29765 0.818169
0.0255954 0.0275 1.29766 0.818147
0.0255954 0.0325 1.29767 0.818125
0.0255954 0.0375 1.29768 0.818105
0.0255954 0.0425 1.29768 0.818086
0.0255954 0.0475 1.29769 0.818068
0.0255954 0.0525 1.2977 0.818051
0.0255954 0.0575 1.2977 0.818035
0.0255954 0.0625 1.29771 0.818021
0.0255954 0.0675 1.29771 0.818007
0.0255954 0.0725 1.29772 0.817995
0.0255954 0.0775 1.29772 0.817985
0.0255954 0.0825 1.29773 0.817979
0.0255954 0.0875 1.29773 0.817979
0.0255954 0.0925 1.29774 0.817987
0.0255954 0.0975 1.29776 0.818009
0.0255954 0.1025 1.29778 0.81805
0.0255954 0.1075 1.2978 0.818116
0.0255954 0.1125 1.29784 0.818211
0.0255954 0.1175 1.29789 0.81834
0.0255954 0.1225 1.29795 0.818501
0.0255954 0.1275 1.29802 0.818692
0.0255954 0.1325 1.2981 0.81891
0.0255954 0.1375 1.29819 0.819147
0.0255954 0.1425 1.29828 0.819397
0.0255954 0.1475 1.29837 0.819653
0.0255954 0.1525 1.29846 0.819911
0.0255954 0.1575 1.29855 0.820167
0.0255954 0.1625 1.29863 0.820419
0.0255954 0.1675 1.29872 0.820666
0.0255954 0.1725 1.2988 0.820906
0.0255954 0.1775 1.29888 0.821139
0.0255954 0.1825 1.29895 0.821366
0.0255954 0.1875 1.29902 0.821585
0.0255954 0.1925 1.29909 0.821798
0.0255954 0.1975 1.29916 0.822003
0.0255954 0.2025 1.29922 0.822202
0.0255954 0.2075 1.29927 0.822393
0.0255954 0.2125 1.29933 0.822578
0.0255954 0.2175 1.29938 0.822755
0.0255954 0.2225 1.29943 0.822925
0.0255954 0.2275 1.29947 0.823089
0.0255954 0.2325 1.29951 0.823245
0.0255954 0.2375 1.29955 0.823394
0.0255954 0.2425 1.29959 0.823536
0.0255954 0.2475 1.29962 0.823671
0.0255954 0.2525 1.29965 0.823799
0.0255954 0.2575 1.29967 0.823919
0.0255954 0.2625 1.29969 0.824033
0.0255954 0.2675 1.29971 0.824139
0.0255954 0.2725 1.29972 0.824239
0.0255954 0.2775 1.29974 0.824331
0.0255954 0.2825 1.29974 0.824416
0.0255954 0.2875 1.29975 0.824494
0.0255954 0.2925 1.29975 0.824564
0.0255954 0.2975 1.29975 0.824628
0.0255954 0.3025 1.29974 0.824684
0.0255954 0.3075 1.29973 0.824733
0.0255954 0.3125 1.29972 0.824775
0.0255954 0.3175 1.2997 0.82481
0.0255954 0.3225 1.29969 0.824838
0.0255954 0.3275 1.29966 0.824858
0.0255954 0.3325 1.29964 0.824871
0.0255954 0.3375 1.29961 0.824877
0.0255954 0.3425 1.29958 0.824876
0.0255954 0.3475 1.29954 0.824868
0.0255954 0.3525 1.2995 0.824852
0.0255954 0.3575 1.29946 0.824829
0.0255954 0.3625 1.29941 0.824799
0.0255954 0.3675 1.29936 0.824762
0.0255954 0.3725 1.29931 0.824717
0.0255954 0.3775 1.29926 0.824666
0.0255954 0.3825 1.2992 0.824607
0.0255954 0.3875 1.29913 0.824541
0.0255954 0.3925 1.29907 0.824467
0.0255954 0.3975 1.299 0.824387
0.0255954 0.4025 1.29893 0.824299
0.0255954 0.4075 1.29885 0.824204
0.0255954 0.4125 1.29877 0.824102
0.0255954 0.4175 1.29869 0.823992
0.0255954 0.4225 1.2986 0.823875
0.0255954 0.4275 1.29851 0.823751
0.0255954 0.4325 1.29842 0.82362
0.0255954 0.4375 1.29833 0.823482
0.0255954 0.4425 1.29823 0.823336
0.0255954 0.4475 1.29813 0.823183
0.0255954 0.4525 1.29802 0.823023
0.0255954 0.4575 1.29791 0.822855
0.0255954 0.4625 1.2978 0.822681
0.0255954 0.4675 1.29768 0.822499
0.0255954 0.4725 1.29757 0.82231
0.0255954 0.4775 1.29744 0.822114
0.0255954 0.4825 1.29732 0.82191
0.0255954 0.4875 1.29719 0.8217
0.0255954 0.4925 1.29706 0.821482
0.0255954 0.4975 1.29692 0.821257
0.0255954 0.5025 1.29679 0.821025
0.0255954 0.5075 1.29665 0.820785
0.0255954 0.5125 1.2965 0.820539
0.0255954 0.5175 1.29635 0.820285
0.0255954 0.5225 1.2962 0.820024
0.0255954 0.5275 1.29605 0.819756
0.0255954 0.5325 1.29589 0.81948
0.0255954 0.5375 1.29573 0.819198
0.0255954 0.5425 1.29557 0.818908
0.0255954 0.5475 1.2954 0.818611
0.0255954 0.5525 1.29523 0.818307
0.0255954 0.5575 1.29506 0.817996
0.0255954 0.5625 1.29488 0.817678
0.0255954 0.5675 1.2947 0.817352
0.0255954 0.5725 1.29452 0.81702
0.0255954 0.5775 1.29433 0.81668
0.0255954 0.5825 1.29414 0.816334
0.0255954 0.5875 1.29395 0.81598
0.0255954 0.5925 1.29376 0.815619
0.0255954 0.5975 1.29356 0.815251
0.0255954 0.6025 1.29336 0.814876
0.0255954 0.6075 1.29315 0.814494
0.0255954 0.6125 1.29295 0.814104
0.0255954 0.6175 1.29274 0.813708
0.0255954 0.6225 1.29252 0.813305
0.0255954 0.6275 1.29231 0.812895
0.0255954 0.6325 1.29209 0.812477
0.0255954 0.6375 1.29186 0.812053
0.0255954 0.6425 1.29164 0.811622
0.0255954 0.6475 1.29141 0.811183
0.0255954 0.6525 1.29118 0.810738
0.0255954 0.6575 1.29094 0.810286
0.0255954 0.6625 1.29071 0.809826
0.0255954 0.6675 1.29047 0.80936
0.0255954 0.6725 1.29022 0.808887
0.0255954 0.6775 1.28998 0.808407
0.0255954 0.6825 1.28973 0.80792
0.0255954 0.6875 1.28948 0.807426
0.0255954 0.6925 1.28922 0.806926
0.0255954 0.6975 1.28896 0.806418
0.0255954 0.7025 1.2887 0.805904
0.0255954 0.7075 1.28844 0.805382
0.0255954 0.7125 1.28817 0.804854
0.0255954 0.7175 1.2879 0.804319
0.0255954 0.7225 1.28763 0.803777
0.0255954 0.7275 1.28735 0.803229
0.0255954 0.7325 1.28708 0.802674
0.0255954 0.7375 1.2868 0.802111
0.0255954 0.7425 1.28651 0.801543
0.0255954 0.7475 1.28623 0.800967
0.0255954 0.7525 1.28594 0.800385
0.0255954 0.7575 1.28565 0.799796
0.0255954 0.7625 1.28535 0.7992
0.0255954 0.7675 1.28505 0.798598
0.0255954 0.7725 1.28475 0.797989
0.0255954 0.7775 1.28445 0.797373
0.0255954 0.7825 1.28414 0.796751
0.0255954 0.7875 1.28384 0.796122
0.0255954 0.7925 1.28353 0.795487
0.0255954 0.7975 1.28321 0.794845
0.0255954 0.8025 1.2829 0.794196
0.0255954 0.8075 1.28258 0.793541
0.0255954 0.8125 1.28226 0.792879
0.0255954 0.8175 1.28193 0.792211
0.0255954 0.8225 1.2816 0.791537
0.0255954 0.8275 1.28128 0.790856
0.0255954 0.8325 1.28094 0.790168
0.0255954 0.8375 1.28061 0.789474
0.0255954 0.8425 1.28027 0.788774
0.0255954 0.8475 1.27993 0.788067
0.0255954 0.8525 1.27959 0.787354
0.0255954 0.8575 1.27925 0.786634
0.0255954 0.8625 1.2789 0.785909
0.0255954 0.8675 1.27855 0.785176
0.0255954 0.8725 1.2782 0.784437
0.0255954 0.8775 1.27784 0.783691
0.0255954 0.8825 1.27749 0.782938
0.0255954 0.8875 1.27713 0.782176
0.0255954 0.8925 1.27677 0.781406
0.0255954 0.8975 1.27641 0.780625
0.0255954 0.9025 1.27605 0.779832
0.0255954 0.9075 1.27569 0.779025
0.0255954 0.9125 1.27533 0.778203
0.0255954 0.9175 1.27498 0.777364
0.0255954 0.9225 1.27462 0.776507
0.0255954 0.9275 1.27427 0.775632
0.0255954 0.9325 1.27392 0.77474
0.0255954 0.9375 1.27357 0.773831
0.0255954 0.9425 1.27322 0.772907
0.0255954 0.9475 1.27287 0.77197
0.0255954 0.9525 1.27252 0.771021
0.0255954 0.9575 1.27217 0.770062
0.0255954 0.9625 1.27182 0.769095
0.0255954 0.9675 1.27147 0.76812
0.0255954 0.9725 1.27111 0.767138
0.0255954 0.9775 1.27076 0.766149
0.0255954 0.9825 1.2704 0.765154
0.0255954 0.9875 1.27004 0.764154
0.0255954 0.9925 1.26968 0.763147
0.0255954 0.9975 1.26968 0.763147

0.051187 0.0025 1.29772 0.817987
0.051187 0.0075 1.29772 0.817987
0.051187 0.0125 1.29772 0.81798
0.051187 0.0175 1.29773 0.817971
0.051187 0.0225 1.29773 0.817963
0.051187 0.0275 1.29773 0.817956
0.051187 0.0325 1.29773 0.817949
0.051187 0.0375 1.29774 0.817944
0.051187 0.0425 1.29774 0.81794
0.051187 0.0475 1.29774 0.817937
0.051187 0.0525 1.29774 0.817935
0.051187 0.0575 1.29774 0.817934
0.051187 0.0625 1.29774 0.817934
0.051187 0.0675 1.29774 0.817935
0.051187 0.0725 1.29774 0.817938
0.051187 0.0775 1.29774 0.817941
0.051187 0.0825 1.29773 0.817946
0.051187 0.0875 1.29773 0.817951
0.051187 0.0925 1.29773 0.817958
0.051187 0.0975 1.29773 0.817965
0.051187 0.1025 1.29772 0.817974
0.051187 0.1075 1.29772 0.817984
0.051187 0.1125 1.29772 0.817994
0.051187 0.1175 1.29771 0.818006
0.051187 0.1225 1.29771 0.818019
0.051187 0.1275 1.2977 0.818033
0.051187 0.1325 1.2977 0.818048
0.051187 0.1375 1.29769 0.818064
0.051187 0.1425 1.29769 0.818082
0.051187 0.1475 1.29768 0.8181
0.051187 0.1525 1.29767 0.818119
0.051187 0.1575 1.29766 0.81814
0.051187 0.1625 1.29766 0.818162
0.051187 0.1675 1.29765 0.818186
0.051187 0.1725 1.29764 0.818211
0.051187 0.1775 1.29763 0.81824
0.051187 0.1825 1.29763 0.818272
0.051187 0.1875 1.29762 0.818309
0.051187 0.1925 1.29762 0.818352
0.051187 0.1975 1.29762 0.818405
0.051187 0.2025 1.29762 0.818468
0.051187 0.2075 1.29762 0.818546
0.051187 0.2125 1.29763 0.81864
0.051187 0.2175 1.29765 0.818753
0.051187 0.2225 1.29768 0.818887
0.051187 0.2275 1.29771 0.819044
0.051187 0.2325 1.29775 0.819223
0.051187 0.2375 1.29779 0.819424
0.051187 0.2425 1.29785 0.819645
0.051187 0.2475 1.2979 0.819884
0.051187 0.2525 1.29797 0.820137
0.051187 0.2575 1.29803 0.820401
0.051187 0.2625 1.2981 0.820673
0.051187 0.2675 1.29817 0.820949
0.051187 0.2725 1.29824 0.821227
0.051187 0.2775 1.29831 0.821504
0.051187 0.2825 1.29837 0.821778
0.051187 0.2875 1.29844 0.822047
0.051187 0.2925 1.2985 0.822312
0.051187 0.2975 1.29856 0.82257
0.051187 0.3025 1.29861 0.822823
0.051187 0.3075 1.29867 0.823068
0.051187 0.3125 1.29871 0.823307
0.051187 0.3175 1.29876 0.823538
0.051187 0.3225 1.2988 0.823763
0.051187 0.3275 1.29884 0.82398
0.051187 0.3325 1.29888 0.824191
0.051187 0.3375 1.29891 0.824394
0.051187 0.3425 1.29894 0.82459
0.051187 0.3475 1.29897 0.824779
0.051187 0.3525 1.29899 0.824961
0.051187 0.3575 1.29901 0.825135
0.051187 0.3625 1.29903 0.825303
0.051187 0.3675 1.29904 0.825463
0.051187 0.3725 1.29905 0.825616
0.051187 0.3775 1.29906 0.825761
0.051187 0.3825 1.29906 0.8259
0.051187 0.3875 1.29906 0.826031
0.051187 0.3925 1.29906 0.826155
0.051187 0.3975 1.29905 0.826271
0.051187 0.4025 1.29904 0.826381
0.051187 0.4075 1.29903 0.826483
0.051187 0.4125 1.29901 0.826577
0.051187 0.4175 1.29899 0.826665
0.051187 0.4225 1.29897 0.826745
0.051187 0.4275 1.29894 0.826818
0.051187 0.4325 1.29891 0.826883
0.051187 0.4375 1.29888 0.826941
0.051187 0.4425 1.29884 0.826992
0.051187 0.4475 1.2988 0.827035
0.051187 0.4525 1.29876 0.827071
0.051187 0.4575 1.29871 0.8271
0.051187 0.4625 1.29866 0.827121
0.051187 0.4675 1.29861 0.827135
0.051187 0.4725 1.29855 0.827141
0.051187 0.4775 1.29849 0.82714
0.051187 0.4825 1.29843 0.827131
0.051187 0.4875 1.29837 0.827116
0.051187 0.4925 1.2983 0.827092
0.051187 0.4975 1.29822 0.827062
0.051187 0.5025 1.29815 0.827023
0.051187 0.5075 1.29807 0.826978
0.051187 0.5125 1.29799 0.826925
0.051187 0.5175 1.2979 0.826864
0.051187 0.5225 1.29781 0.826796
0.051187 0.5275 1.29772 0.826721
0.051187 0.5325 1.29763 0.826638
0.051187 0.5375 1.29753 0.826548
0.051187 0.5425 1.29743 0.82645
0.051187 0.5475 1.29732 0.826345
0.051187 0.5525 1.29721 0.826232
0.051187 0.5575 1.2971 0.826112
0.051187 0.5625 1.29699 0.825984
0.051187 0.5675 1.29687 0.825849
0.051187 0.5725 1.29675 0.825706
0.051187 0.5775 1.29662 0.825556
0.051187 0.5825 1.2965 0.825399
0.051187 0.5875 1.29637 0.825233
0.051187 0.5925 1.29623 0.825061
0.051187 0.5975 1.29609 0.824881
0.051187 0.6025 1.29595 0.824693
0.051187 0.6075 1.29581 0.824498
0.051187 0.6125 1.29566 0.824296
0.051187 0.6175 1.29552 0.824086
0.051187 0.6225 1.29536 0.823868
0.051187 0.6275 1.29521 0.823643
0.051187 0.6325 1.29505 0.823411
0.051187 0.6375 1.29489 0.823171
0.051187 0.6425 1.29472 0.822924
0.051187 0.6475 1.29455 0.822669
0.051187 0.6525 1.29438 0.822406
0.051187 0.6575 1.29421 0.822137
0.051187 0.6625 1.29403 0.821859
0.051187 0.6675 1.29385 0.821575
0.051187 0.6725 1.29366 0.821283
0.051187 0.6775 1.29348 0.820983
0.051187 0.6825 1.29329 0.820676
0.051187 0.6875 1.29309 0.820361
0.051187 0.6925 1.2929 0.82004
0.051187 0.6975 1.2927 0.81971
0.051187 0.7025 1.2925 0.819373
0.051187 0.7075 1.29229 0.819029
0.051187 0.7125 1.29208 0.818678
0.051187 0.7175 1.29187 0.818319
0.051187 0.7225 1.29166 0.817952
0.051187 0.7275 1.29144 0.817578
0.051187 0.7325 1.29122 0.817197
0.051187 0.7375 1.291 0.816808
0.051187 0.7425 1.29077 0.816413
0.051187 0.7475 1.29054 0.816009
0.051187 0.7525 1.29031 0.815598
0.051187 0.7575 1.29007 0.81518
0.051187 0.7625 1.28984 0.814755
0.051187 0.7675 1.28959 0.814322
0.051187 0.7725 1.28935 0.813882
0.051187 0.7775 1.2891 0.813434
0.051187 0.7825 1.28886 0.812978
0.051187 0.7875 1.2886 0.812515
0.051187 0.7925 1.28835 0.812043
0.051187 0.7975 1.28809 0.811564
0.051187 0.8025 1.28783 0.811075
0.051187 0.8075 1.28757 0.810577
0.051187 0.8125 1.28731 0.810069
0.051187 0.8175 1.28704 0.80955
0.051187 0.8225 1.28678 0.80902
0.051187 0.8275 1.28651 0.808478
0.051187 0.8325 1.28624 0.807922
0.051187 0.8375 1.28598 0.807352
0.051187 0.8425 1.28571 0.806768
0.051187 0.8475 1.28544 0.806169
0.051187 0.8525 1.28517 0.805554
0.051187 0.8575 1.2849 0.804924
0.051187 0.8625 1.28464 0.804279
0.051187 0.8675 1.28437 0.803619
0.051187 0.8725 1.2841 0.802944
0.051187 0.8775 1.28384 0.802256
0.051187 0.8825 1.28357 0.801555
0.051187 0.8875 1.2833 0.800842
0.051187 0.8925 1.28303 0.800118
0.051187 0.8975 1.28276 0.799384
0.051187 0.9025 1.28248 0.79864
0.051187 0.9075 1.28221 0.797888
0.051187 0.9125 1.28193 0.797127
0.051187 0.9175 1.28165 0.796357
0.051187 0.9225 1.28137 0.79558
0.051187 0.9275 1.28109 0.794796
0.051187 0.9325 1.2808 0.794004
0.051187 0.9375 1.28051 0.793205
0.051187 0.9425 1.28022 0.792399
0.051187 0.9475 1.27993 0.791586
0.051187 0.9525 1.27963 0.790766
0.051187 0.9575 1.27933 0.789939
0.051187 0.9625 1.27903 0.789105
0.051187 0.9675 1.27873 0.788265
0.051187 0.9725 1.27842 0.787417
0.051187 0.9775 1.27811 0.786563
0.051187 0.9825 1.2778 0.785702
0.051187 0.9875 1.27749 0.784834
0.051187 0.9925 1.27717 0.78396
0.051187 0.9975 1.27717 0.78396

0.0767711 0.0025 1.29773 0.817952
0.0767711 0.0075 1.29773 0.817952
0.0767711 0.0125 1.29773 0.817956
0.0767711 0.0175 1.29773 0.817961
0.0767711 0.0225 1.29773 0.817968
0.0767711 0.0275 1.29772 0.817976
0.0767711 0.0325 1.29772 0.817984
0.0767711 0.0375 1.29772 0.817994
0.0767711 0.0425 1.29771 0.818005
0.0767711 0.0475 1.29771 0.818017
0.0767711 0.0525 1.2977 0.81803
0.0767711 0.0575 1.2977 0.818044
0.0767711 0.0625 1.29769 0.818059
0.0767711 0.0675 1.29769 0.818075
0.0767711 0.0725 1.29768 0.818093
0.0767711 0.0775 1.29767 0.818111
0.0767711 0.0825 1.29767 0.81813
0.0767711 0.0875 1.29766 0.818151
0.0767711 0.0925 1.29765 0.818172
0.0767711 0.0975 1.29764 0.818194
0.0767711 0.1025 1.29764 0.818218
0.0767711 0.1075 1.29763 0.818243
0.0767711 0.1125 1.29762 0.818268
0.0767711 0.1175 1.29761 0.818295
0.0767711 0.1225 1.2976 0.818322
0.0767711 0.1275 1.29759 0.818351
0.0767711 0.1325 1.29758 0.818381
0.0767711 0.1375 1.29757 0.818412
0.0767711 0.1425 1.29755 0.818444
0.0767711 0.1475 1.29754 0.818476
0.0767711 0.1525 1.29753 0.81851
0.0767711 0.1575 1.29752 0.818545
0.0767711 0.1625 1.2975 0.818581
0.0767711 0.1675 1.29749 0.818618
0.0767711 0.1725 1.29748 0.818656
0.0767711 0.1775 1.29746 0.818695
0.0767711 0.1825 1.29745 0.818735
0.0767711 0.1875 1.29743 0.818776
0.0767711 0.1925 1.29742 0.818818
0.0767711 0.1975 1.2974 0.818861
0.0767711 0.2025 1.29739 0.818905
0.0767711 0.2075 1.29737 0.818949
0.0767711 0.2125 1.29735 0.818995
0.0767711 0.2175 1.29734 0.819042
0.0767711 0.2225 1.29732 0.81909
0.0767711 0.2275 1.2973 0.819139
0.0767711 0.2325 1.29728 0.819189
0.0767711 0.2375 1.29726 0.81924
0.0767711 0.2425 1.29725 0.819291
0.0767711 0.2475 1.29723 0.819344
0.0767711 0.2525 1.29721 0.819398
0.0767711 0.2575 1.29719 0.819454
0.0767711 0.2625 1.29717 0.81951
0.0767711 0.2675 1.29715 0.819568
0.0767711 0.2725 1.29713 0.819628
0.0767711 0.2775 1.29711 0.81969
0.0767711 0.2825 1.29709 0.819756
0.0767711 0.2875 1.29707 0.819825
0.0767711 0.2925 1.29705 0.819898
0.0767711 0.2975 1.29704 0.819978
0.0767711 0.3025 1.29702 0.820066
0.0767711 0.3075 1.29701 0.820162
0.0767711 0.3125 1.297 0.820269
0.0767711 0.3175 1.297 0.820389
0.0767711 0.3225 1.297 0.820523
0.0767711 0.3275 1.297 0.820672
0.0767711 0.3325 1.29701 0.820839
0.0767711 0.3375 1.29703 0.821023
0.0767711 0.3425 1.29705 0.821225
0.0767711 0.3475 1.29708 0.821444
0.0767711 0.3525 1.29712 0.82168
0.0767711 0.3575 1.29715 0.821931
0.0767711 0.3625 1.2972 0.822195
0.0767711 0.3675 1.29724 0.822471
0.0767711 0.3725 1.29729 0.822755
0.0767711 0.3775 1.29734 0.823046
0.0767711 0.3825 1.29739 0.823342
0.0767711 0.3875 1.29744 0.823639
0.0767711 0.3925 1.2975 0.823937
0.0767711 0.3975 1.29755 0.824233
0.0767711 0.4025 1.29759 0.824526
0.0767711 0.4075 1.29764 0.824815
0.0767711 0.4125 1.29768 0.825099
0.0767711 0.4175 1.29773 0.825377
0.0767711 0.4225 1.29776 0.825649
0.0767711 0.4275 1.2978 0.825915
0.0767711 0.4325 1.29783 0.826173
0.0767711 0.4375 1.29786 0.826425
0.0767711 0.4425 1.29789 0.82667
0.0767711 0.4475 1.29791 0.826907
0.0767711 0.4525 1.29793 0.827137
0.0767711 0.4575 1.29795 0.82736
0.0767711 0.4625 1.29796 0.827575
0.0767711 0.4675 1.29797 0.827783
0.0767711 0.4725 1.29798 0.827984
0.0767711 0.4775 1.29798 0.828178
0.0767711 0.4825 1.29798 0.828363
0.0767711 0.4875 1.29798 0.828542
0.0767711 0.4925 1.29797 0.828713
0.0767711 0.4975 1.29796 0.828877
0.0767711 0.5025 1.29795 0.829033
0.0767711 0.5075 1.29794 0.829182
0.0767711 0.5125 1.29792 0.829323
0.0767711 0.5175 1.2979 0.829456
0.0767711 0.5225 1.29787 0.829583
0.0767711 0.5275 1.29784 0.829701
0.0767711 0.5325 1.29781 0.829812
0.0767711 0.5375 1.29778 0.829916
0.0767711 0.5425 1.29774 0.830012
0.0767711 0.5475 1.2977 0.8301
0.0767711 0.5525 1.29765 0.830181
0.0767711 0.5575 1.2976 0.830254
0.0767711 0.5625 1.29755 0.83032
0.0767711 0.5675 1.2975 0.830378
0.0767711 0.5725 1.29744 0.830428
0.0767711 0.5775 1.29738 0.830471
0.0767711 0.5825 1.29732 0.830506
0.0767711 0.5875 1.29725 0.830533
0.0767711 0.5925 1.29718 0.830553
0.0767711 0.5975 1.29711 0.830565
0.0767711 0.6025 1.29703 0.83057
0.0767711 0.6075 1.29695 0.830566
0.0767711 0.6125 1.29687 0.830555
0.0767711 0.6175 1.29679 0.830537
0.0767711 0.6225 1.2967 0.83051
0.0767711 0.6275 1.2966 0.830476
0.0767711 0.6325 1.29651 0.830434
0.0767711 0.6375 1.29641 0.830384
0.0767711 0.6425 1.29631 0.830327
0.0767711 0.6475 1.2962 0.830262
0.0767711 0.6525 1.2961 0.830189
0.0767711 0.6575 1.29599 0.830108
0.0767711 0.6625 1.29587 0.83002
0.0767711 0.6675 1.29575 0.829924
0.0767711 0.6725 1.29563 0.82982
0.0767711 0.6775 1.29551 0.829708
0.0767711 0.6825 1.29538 0.829588
0.0767711 0.6875 1.29525 0.82946
0.0767711 0.6925 1.29512 0.829324
0.0767711 0.6975 1.29499 0.82918
0.0767711 0.7025 1.29485 0.829028
0.0767711 0.7075 1.29471 0.828868
0.0767711 0.7125 1.29456 0.828698
0.0767711 0.7175 1.29441 0.82852
0.0767711 0.7225 1.29427 0.828333
0.0767711 0.7275 1.29411 0.828135
0.0767711 0.7325 1.29396 0.827928
0.0767711 0.7375 1.2938 0.827711
0.0767711 0.7425 1.29364 0.827482
0.0767711 0.7475 1.29349 0.827241
0.0767711 0.7525 1.29332 0.826989
0.0767711 0.7575 1.29316 0.826723
0.0767711 0.7625 1.293 0.826445
0.0767711 0.7675 1.29283 0.826153
0.0767711 0.7725 1.29267 0.825846
0.0767711 0.7775 1.2925 0.825526
0.0767711 0.7825 1.29234 0.82519
0.0767711 0.7875 1.29217 0.824841
0.0767711 0.7925 1.292 0.824476
0.0767711 0.7975 1.29183 0.824098
0.0767711 0.8025 1.29166 0.823706
0.0767711 0.8075 1.29149 0.8233
0.0767711 0.8125 1.29132 0.822881
0.0767711 0.8175 1.29115 0.822449
0.0767711 0.8225 1.29098 0.822006
0.0767711 0.8275 1.2908 0.821551
0.0767711 0.8325 1.29063 0.821085
0.0767711 0.8375 1.29045 0.820608
0.0767711 0.8425 1.29027 0.820122
0.0767711 0.8475 1.29008 0.819627
0.0767711 0.8525 1.2899 0.819122
0.0767711 0.8575 1.28971 0.818608
0.0767711 0.8625 1.28952 0.818086
0.0767711 0.8675 1.28933 0.817555
0.0767711 0.8725 1.28913 0.817016
0.0767711 0.8775 1.28893 0.816469
0.0767711 0.8825 1.28873 0.815914
0.0767711 0.8875 1.28852 0.815351
0.0767711 0.8925 1.28832 0.81478
0.0767711 0.8975 1.28811 0.814201
0.0767711 0.9025 1.2879 0.813615
0.0767711 0.9075 1.28768 0.81302
0.0767711 0.9125 1.28746 0.812418
0.0767711 0.9175 1.28724 0.811809
0.0767711 0.9225 1.28702 0.811191
0.0767711 0.9275 1.28679 0.810566
0.0767711 0.9325 1.28656 0.809934
0.0767711 0.9375 1.28633 0.809293
0.0767711 0.9425 1.2861 0.808645
0.0767711 0.9475 1.28586 0.80799
0.0767711 0.9525 1.28562 0.807327
0.0767711 0.9575 1.28538 0.806656
0.0767711 0.9625 1.28513 0.805978
0.0767711 0.9675 1.28488 0.805293
0.0767711 0.9725 1.28463 0.8046
0.0767711 0.9775 1.28438 0.803899
0.0767711 0.9825 1.28412 0.803191
0.0767711 0.9875 1.28386 0.802476
0.0767711 0.9925 1.2836 0.801753
0.0767711 0.9975 1.2836 0.801753

0.102345 0.0025 1.29767 0.818127
0.102345 0.0075 1.29767 0.818127
0.102345 0.0125 1.29766 0.818142
0.102345 0.0175 1.29766 0.818162
0.102345 0.0225 1.29765 0.818183
0.102345 0.0275 1.29764 0.818206
0.102345 0.0325 1.29763 0.818229
0.102345 0.0375 1.29762 0.818254
0.102345 0.0425 1.29761 0.818279
0.102345 0.0475 1.2976 0.818306
0.102345 0.0525 1.29759 0.818334
0.102345 0.0575 1.29758 0.818363
0.102345 0.0625 1.29757 0.818392
0.102345 0.0675 1.29756 0.818423
0.102345 0.0725 1.29755 0.818455
0.102345 0.0775 1.29754 0.818488
0.102345 0.0825 1.29753 0.818522
0.102345 0.0875 1.29751 0.818557
0.102345 0.0925 1.2975 0.818593
0.102345 0.0975 1.29749 0.81863
0.102345 0.1025 1.29747 0.818668
0.102345 0.1075 1.29746 0.818706
0.102345 0.1125 1.29744 0.818746
0.102345 0.1175 1.29743 0.818787
0.102345 0.1225 1.29741 0.818829
0.102345 0.1275 1.2974 0.818872
0.102345 0.1325 1.29738 0.818916
0.102345 0.1375 1.29737 0.818961
0.102345 0.1425 1.29735 0.819007
0.102345 0.1475 1.29733 0.819054
0.102345 0.1525 1.29731 0.819102
0.102345 0.1575 1.2973 0.819151
0.102345 0.1625 1.29728 0.819201
0.102345 0.1675 1.29726 0.819251
0.102345 0.1725 1.29724 0.819303
0.102345 0.1775 1.29722 0.819356
0.102345 0.1825 1.2972 0.819409
0.102345 0.1875 1.29718 0.819464
0.102345 0.1925 1.29716 0.81952
0.102345 0.1975 1.29714 0.819576
0.102345 0.2025 1.29712 0.819633
0.102345 0.2075 1.2971 0.819692
0.102345 0.2125 1.29708 0.819751
0.102345 0.2175 1.29706 0.819811
0.102345 0.2225 1.29703 0.819872
0.102345 0.2275 1.29701 0.819934
0.102345 0.2325 1.29699 0.819997
0.102345 0.2375 1.29697 0.820061
0.102345 0.2425 1.29694 0.820126
0.102345 0.2475 1.29692 0.820192
0.102345 0.2525 1.29689 0.820258
0.102345 0.2575 1.29687 0.820326
0.102345 0.2625 1.29684 0.820394
0.102345 0.2675 1.29682 0.820463
0.102345 0.2725 1.29679 0.820533
0.102345 0.2775 1.29677 0.820604
0.102345 0.2825 1.29674 0.820676
0.102345 0.2875 1.29672 0.820748
0.102345 0.2925 1.29669 0.820822
0.102345 0.2975 1.29666 0.820896
0.102345 0.3025 1.29663 0.820971
0.102345 0.3075 1.29661 0.821047
0.102345 0.3125 1.29658 0.821124
0.102345 0.3175 1.29655 0.821202
0.102345 0.3225 1.29652 0.82128
0.102345 0.3275 1.29649 0.821359
0.102345 0.3325 1.29646 0.82144
0.102345 0.3375 1.29644 0.82152
0.102345 0.3425 1.29641 0.821602
0.102345 0.3475 1.29638 0.821685
0.102345 0.3525 1.29635 0.821769
0.102345 0.3575 1.29632 0.821853
0.102345 0.3625 1.29628 0.821939
0.102345 0.3675 1.29625 0.822026
0.102345 0.3725 1.29622 0.822115
0.102345 0.3775 1.29619 0.822205
0.102345 0.3825 1.29616 0.822298
0.102345 0.3875 1.29613 0.822393
0.102345 0.3925 1.2961 0.822492
0.102345 0.3975 1.29608 0.822595
0.102345 0.4025 1.29605 0.822703
0.102345 0.4075 1.29603 0.822818
0.102345 0.4125 1.296 0.82294
0.102345 0.4175 1.29598 0.82307
0.102345 0.4225 1.29597 0.823211
0.102345 0.4275 1.29595 0.823363
0.102345 0.4325 1.29594 0.823526
0.102345 0.4375 1.29594 0.823704
0.102345 0.4425 1.29594 0.823895
0.102345 0.4475 1.29594 0.824101
0.102345 0.4525 1.29595 0.824322
0.102345 0.4575 1.29597 0.824557
0.102345 0.4625 1.29599 0.824807
0.102345 0.4675 1.29601 0.825069
0.102345 0.4725 1.29604 0.825344
0.102345 0.4775 1.29607 0.825629
0.102345 0.4825 1.2961 0.825923
0.102345 0.4875 1.29614 0.826225
0.102345 0.4925 1.29617 0.826531
0.102345 0.4975 1.29621 0.826842
0.102345 0.5025 1.29625 0.827154
0.102345 0.5075 1.29629 0.827466
0.102345 0.5125 1.29632 0.827777
0.102345 0.5175 1.29636 0.828086
0.102345 0.5225 1.29639 0.828391
0.102345 0.5275 1.29643 0.828692
0.102345 0.5325 1.29645 0.828987
0.102345 0.5375 1.29648 0.829277
0.102345 0.5425 1.29651 0.82956
0.102345 0.5475 1.29653 0.829837
0.102345 0.5525 1.29655 0.830107
0.102345 0.5575 1.29656 0.83037
0.102345 0.5625 1.29658 0.830625
0.102345 0.5675 1.29659 0.830873
0.102345 0.5725 1.29659 0.831113
0.102345 0.5775 1.2966 0.831346
0.102345 0.5825 1.2966 0.831572
0.102345 0.5875 1.2966 0.83179
0.102345 0.5925 1.29659 0.832
0.102345 0.5975 1.29658 0.832202
0.102345 0.6025 1.29657 0.832396
0.102345 0.6075 1.29656 0.832583
0.102345 0.6125 1.29654 0.832762
0.102345 0.6175 1.29652 0.832932
0.102345 0.6225 1.29649 0.833094
0.102345 0.6275 1.29647 0.833248
0.102345 0.6325 1.29644 0.833394
0.102345 0.6375 1.29641 0.83353
0.102345 0.6425 1.29637 0.833658
0.102345 0.6475 1.29633 0.833776
0.102345 0.6525 1.2963 0.833884
0.102345 0.6575 1.29625 0.833983
0.102345 0.6625 1.29621 0.834071
0.102345 0.6675 1.29616 0.834148
0.102345 0.6725 1.29612 0.834214
0.102345 0.6775 1.29607 0.834268
0.102345 0.6825 1.29602 0.83431
0.102345 0.6875 1.29596 0.83434
0.102345 0.6925 1.29591 0.834356
0.102345 0.6975 1.29585 0.83436
0.102345 0.7025 1.2958 0.83435
0.102345 0.7075 1.29574 0.834327
0.102345 0.7125 1.29568 0.834289
0.102345 0.7175 1.29562 0.834238
0.102345 0.7225 1.29556 0.834173
0.102345 0.7275 1.2955 0.834095
0.102345 0.7325 1.29544 0.834003
0.102345 0.7375 1.29538 0.833898
0.102345 0.7425 1.29531 0.83378
0.102345 0.7475 1.29525 0.833649
0.102345 0.7525 1.29518 0.833506
0.102345 0.7575 1.29511 0.833352
0.102345 0.7625 1.29504 0.833186
0.102345 0.7675 1.29496 0.833009
0.102345 0.7725 1.29489 0.832821
0.102345 0.7775 1.29481 0.832624
0.102345 0.7825 1.29473 0.832416
0.102345 0.7875 1.29465 0.832199
0.102345 0.7925 1.29456 0.831972
0.102345 0.7975 1.29448 0.831737
0.102345 0.8025 1.29438 0.831492
0.102345 0.8075 1.29429 0.831238
0.102345 0.8125 1.2942 0.830976
0.102345 0.8175 1.2941 0.830705
0.102345 0.8225 1.29399 0.830426
0.102345 0.8275 1.29389 0.830139
0.102345 0.8325 1.29378 0.829843
0.102345 0.8375 1.29367 0.829538
0.102345 0.8425 1.29356 0.829226
0.102345 0.8475 1.29344 0.828905
0.102345 0.8525 1.29332 0.828576
0.102345 0.8575 1.2932 0.828239
0.102345 0.8625 1.29307 0.827894
0.102345 0.8675 1.29295 0.82754
0.102345 0.8725 1.29281 0.827178
0.102345 0.8775 1.29268 0.826808
0.102345 0.8825 1.29254 0.82643
0.102345 0.8875 1.2924 0.826044
0.102345 0.8925 1.29226 0.82565
0.102345 0.8975 1.29211 0.825247
0.102345 0.9025 1.29196 0.824837
0.102345 0.9075 1.29181 0.824418
0.102345 0.9125 1.29166 0.823991
0.102345 0.9175 1.2915 0.823556
0.102345 0.9225 1.29134 0.823113
0.102345 0.9275 1.29118 0.822662
0.102345 0.9325 1.29101 0.822203
0.102345 0.9375 1.29084 0.821736
0.102345 0.9425 1.29067 0.821261
0.102345 0.9475 1.29049 0.820777
0.102345 0.9525 1.29031 0.820286
0.102345 0.9575 1.29013 0.819787
0.102345 0.9625 1.28995 0.819279
0.102345 0.9675 1.28976 0.818764
0.102345 0.9725 1.28957 0.818241
0.102345 0.9775 1.28938 0.81771
0.102345 0.9825 1.28918 0.817171
0.102345 0.9875 1.28899 0.816624
0.102345 0.9925 1.28878 0.816069
0.102345 0.9975 1.28878 0.816069

0.127911 0.0025 1.29753 0.818509
0.127911 0.0075 1.29753 0.818509
0.127911 0.0125 1.29752 0.818535
0.127911 0.0175 1.29751 0.818569
0.127911 0.0225 1.2975 0.818604
0.127911 0.0275 1.29748 0.818641
0.127911 0.0325 1.29747 0.818679
0.127911 0.0375 1.29745 0.818718
0.127911 0.0425 1.29744 0.818758
0.127911 0.0475 1.29742 0.818799
0.127911 0.0525 1.29741 0.818841
0.127911 0.0575 1.29739 0.818884
0.127911 0.0625 1.29738 0.818928
0.127911 0.0675 1.29736 0.818973
0.127911 0.0725 1.29734 0.819019
0.127911 0.0775 1.29733 0.819066
0.127911 0.0825 1.29731 0.819113
0.127911 0.0875 1.29729 0.819162
0.127911 0.0925 1.29727 0.819212
0.127911 0.0975 1.29726 0.819263
0.127911 0.1025 1.29724 0.819315
0.127911 0.1075 1.29722 0.819367
0.127911 0.1125 1.2972 0.819421
0.127911 0.1175 1.29718 0.819475
0.127911 0.1225 1.29716 0.819531
0.127911 0.1275 1.29714 0.819587
0.127911 0.1325 1.29712 0.819645
0.127911 0.1375 1.2971 0.819703
0.127911 0.1425 1.29707 0.819762
0.127911 0.1475 1.29705 0.819823
0.127911 0.1525 1.29703 0.819884
0.127911 0.1575 1.29701 0.819946
0.127911 0.1625 1.29698 0.820009
0.127911 0.1675 1.29696 0.820072
0.127911 0.1725 1.29694 0.820137
0.127911 0.1775 1.29691 0.820203
0.127911 0.1825 1.29689 0.820269
0.127911 0.1875 1.29687 0.820337
0.127911 0.1925 1.29684 0.820405
0.127911 0.1975 1.29682 0.820474
0.127911 0.2025 1.29679 0.820544
0.127911 0.2075 1.29676 0.820615
0.127911 0.2125 1.29674 0.820687
0.127911 0.2175 1.29671 0.820759
0.127911 0.2225 1.29669 0.820833
0.127911 0.2275 1.29666 0.820907
0.127911 0.2325 1.29663 0.820982
0.127911 0.2375 1.2966 0.821058
0.127911 0.2425 1.29658 0.821135
0.127911 0.2475 1.29655 0.821212
0.127911 0.2525 1.29652 0.82129
0.127911 0.2575 1.29649 0.82137
0.127911 0.2625 1.29646 0.82145
0.127911 0.2675 1.29643 0.82153
0.127911 0.2725 1.2964 0.821612
0.127911 0.2775 1.29637 0.821694
0.127911 0.2825 1.29634 0.821777
0.127911 0.2875 1.29631 0.821861
0.127911 0.2925 1.29628 0.821946
0.127911 0.2975 1.29625 0.822031
0.127911 0.3025 1.29622 0.822117
0.127911 0.3075 1.29619 0.822204
0.127911 0.3125 1.29615 0.822292
0.127911 0.3175 1.29612 0.82238
0.127911 0.3225 1.29609 0.822469
0.127911 0.3275 1.29606 0.822559
0.127911 0.3325 1.29602 0.82265
0.127911 0.3375 1.29599 0.822741
0.127911 0.3425 1.29596 0.822833
0.127911 0.3475 1.29592 0.822926
0.127911 0.3525 1.29589 0.823019
0.127911 0.3575 1.29586 0.823113
0.127911 0.3625 1.29582 0.823208
0.127911 0.3675 1.29579 0.823303
0.127911 0.3725 1.29575 0.823399
0.127911 0.3775 1.29572 0.823496
0.127911 0.3825 1.29568 0.823593
0.127911 0.3875 1.29565 0.823691
0.127911 0.3925 1.29561 0.823789
0.127911 0.3975 1.29557 0.823888
0.127911 0.4025 1.29554 0.823988
0.127911 0.4075 1.2955 0.824089
0.127911 0.4125 1.29546 0.82419
0.127911 0.4175 1.29543 0.824291
0.127911 0.4225 1.29539 0.824394
0.127911 0.4275 1.29535 0.824496
0.127911 0.4325 1.29532 0.8246
0.127911 0.4375 1.29528 0.824704
0.127911 0.4425 1.29524 0.824809
0.127911 0.4475 1.2952 0.824914
0.127911 0.4525 1.29516 0.82502
0.127911 0.4575 1.29513 0.825127
0.127911 0.4625 1.29509 0.825234
0.127911 0.4675 1.29505 0.825343
0.127911 0.4725 1.29501 0.825453
0.127911 0.4775 1.29497 0.825564
0.127911 0.4825 1.29493 0.825676
0.127911 0.4875 1.2949 0.825791
0.127911 0.4925 1.29486 0.825908
0.127911 0.4975 1.29482 0.826028
0.127911 0.5025 1.29479 0.826151
0.127911 0.5075 1.29475 0.826279
0.127911 0.5125 1.29472 0.826412
0.127911 0.5175 1.29469 0.82655
0.127911 0.5225 1.29466 0.826696
0.127911 0.5275 1.29464 0.826849
0.127911 0.5325 1.29461 0.827011
0.127911 0.5375 1.29459 0.827182
0.127911 0.5425 1.29458 0.827364
0.127911 0.5475 1.29457 0.827557
0.127911 0.5525 1.29456 0.827761
0.127911 0.5575 1.29456 0.827976
0.127911 0.5625 1.29456 0.828204
0.127911 0.5675 1.29457 0.828442
0.127911 0.5725 1.29458 0.828691
0.127911 0.5775 1.29459 0.82895
0.127911 0.5825 1.29461 0.829218
0.127911 0.5875 1.29464 0.829493
0.127911 0.5925 1.29467 0.829773
0.127911 0.5975 1.2947 0.830058
0.127911 0.6025 1.29474 0.830345
0.127911 0.6075 1.29477 0.830633
0.127911 0.6125 1.29481 0.83092
0.127911 0.6175 1.29485 0.831203
0.127911 0.6225 1.2949 0.831482
0.127911 0.6275 1.29494 0.831755
0.127911 0.6325 1.29499 0.832021
0.127911 0.6375 1.29503 0.832278
0.127911 0.6425 1.29508 0.832526
0.127911 0.6475 1.29512 0.832764
0.127911 0.6525 1.29517 0.832991
0.127911 0.6575 1.29521 0.833206
0.127911 0.6625 1.29526 0.833411
0.127911 0.6675 1.2953 0.833603
0.127911 0.6725 1.29534 0.833784
0.127911 0.6775 1.29538 0.833954
0.127911 0.6825 1.29542 0.834112
0.127911 0.6875 1.29546 0.834259
0.127911 0.6925 1.2955 0.834394
0.127911 0.6975 1.29553 0.834519
0.127911 0.7025 1.29556 0.834634
0.127911 0.7075 1.29559 0.834738
0.127911 0.7125 1.29562 0.834832
0.127911 0.7175 1.29564 0.834917
0.127911 0.7225 1.29567 0.834992
0.127911 0.7275 1.29569 0.835058
0.127911 0.7325 1.29571 0.835114
0.127911 0.7375 1.29572 0.835162
0.127911 0.7425 1.29573 0.835201
0.127911 0.7475 1.29574 0.835231
0.127911 0.7525 1.29575 0.835253
0.127911 0.7575 1.29575 0.835266
0.127911 0.7625 1.29576 0.835271
0.127911 0.7675 1.29575 0.835267
0.127911 0.7725 1.29575 0.835255
0.127911 0.7775 1.29574 0.835235
0.127911 0.7825 1.29573 0.835207
0.127911 0.7875 1.29572 0.83517
0.127911 0.7925 1.2957 0.835125
0.127911 0.7975 1.29568 0.835071
0.127911 0.8025 1.29566 0.83501
0.127911 0.8075 1.29563 0.83494
0.127911 0.8125 1.2956 0.834862
0.127911 0.8175 1.29557 0.834776
0.127911 0.8225 1.29554 0.834681
0.127911 0.8275 1.2955 0.834578
0.127911 0.8325 1.29546 0.834467
0.127911 0.8375 1.29542 0.834348
0.127911 0.8425 1.29537 0.83422
0.127911 0.8475 1.29532 0.834084
0.127911 0.8525 1.29527 0.83394
0.127911 0.8575 1.29521 0.833788
0.127911 0.8625 1.29516 0.833627
0.127911 0.8675 1.29509 0.833458
0.127911 0.8725 1.29503 0.833281
0.127911 0.8775 1.29496 0.833095
0.127911 0.8825 1.29489 0.832902
0.127911 0.8875 1.29482 0.8327
0.127911 0.8925 1.29474 0.832489
0.127911 0.8975 1.29466 0.832271
0.127911 0.9025 1.29458 0.832044
0.127911 0.9075 1.2945 0.831809
0.127911 0.9125 1.29441 0.831565
0.127911 0.9175 1.29432 0.831313
0.127911 0.9225 1.29422 0.831053
0.127911 0.9275 1.29412 0.830785
0.127911 0.9325 1.29402 0.830508
0.127911 0.9375 1.29392 0.830224
0.127911 0.9425 1.29381 0.829931
0.127911 0.9475 1.2937 0.829629
0.127911 0.9525 1.29359 0.82932
0.127911 0.9575 1.29348 0.829002
0.127911 0.9625 1.29336 0.828676
0.127911 0.9675 1.29324 0.828341
0.127911 0.9725 1.29311 0.827998
0.127911 0.9775 1.29298 0.827648
0.127911 0.9825 1.29285 0.827289
0.127911 0.9875 1.29272 0.826921
0.127911 0.9925 1.29258 0.826546
0.127911 0.9975 1.29258 0.826546

0.153476 0.0025 1.29732 0.819091
0.153476 0.0075 1.29732 0.819091
0.153476 0.0125 1.2973 0.819128
0.153476 0.0175 1.29729 0.819174
0.153476 0.0225 1.29727 0.819224
0.153476 0.0275 1.29725 0.819274
0.153476 0.0325 1.29723 0.819326
0.153476 0.0375 1.29721 0.819379
0.153476 0.0425 1.29719 0.819432
0.153476 0.0475 1.29717 0.819487
0.153476 0.0525 1.29715 0.819542
0.153476 0.0575 1.29713 0.819599
0.153476 0.0625 1.29711 0.819656
0.153476 0.0675 1.29709 0.819715
0.153476 0.0725 1.29707 0.819774
0.153476 0.0775 1.29705 0.819834
0.153476 0.0825 1.29703 0.819895
0.153476 0.0875 1.297 0.819957
0.153476 0.0925 1.29698 0.82002
0.153476 0.0975 1.29696 0.820084
0.153476 0.1025 1.29693 0.820148
0.153476 0.1075 1.29691 0.820214
0.153476 0.1125 1.29689 0.82028
0.153476 0.1175 1.29686 0.820348
0.153476 0.1225 1.29684 0.820416
0.153476 0.1275 1.29681 0.820485
0.153476 0.1325 1.29679 0.820555
0.153476 0.1375 1.29676 0.820626
0.153476 0.1425 1.29673 0.820697
0.153476 0.1475 1.29671 0.82077
0.153476 0.1525 1.29668 0.820843
0.153476 0.1575 1.29665 0.820917
0.153476 0.1625 1.29663 0.820992
0.153476 0.1675 1.2966 0.821068
0.153476 0.1725 1.29657 0.821145
0.153476 0.1775 1.29654 0.821222
0.153476 0.1825 1.29651 0.821301
0.153476 0.1875 1.29649 0.82138
0.153476 0.1925 1.29646 0.82146
0.153476 0.1975 1.29643 0.82154
0.153476 0.2025 1.2964 0.821622
0.153476 0.2075 1.29637 0.821704
0.153476 0.2125 1.29634 0.821787
0.153476 0.2175 1.29631 0.821871
0.153476 0.2225 1.29628 0.821955
0.153476 0.2275 1.29625 0.822041
0.153476 0.2325 1.29621 0.822127
0.153476 0.2375 1.29618 0.822214
0.153476 0.2425 1.29615 0.822301
0.153476 0.2475 1.29612 0.822389
0.153476 0.2525 1.29609 0.822478
0.153476 0.2575 1.29605 0.822568
0.153476 0.2625 1.29602 0.822659
0.153476 0.2675 1.29599 0.82275
0.153476 0.2725 1.29595 0.822842
0.153476 0.2775 1.29592 0.822934
0.153476 0.2825 1.29589 0.823027
0.153476 0.2875 1.29585 0.823121
0.153476 0.2925 1.29582 0.823216
0.153476 0.2975 1.29578 0.823311
0.153476 0.3025 1.29575 0.823407
0.153476 0.3075 1.29571 0.823503
0.153476 0.3125 1.29568 0.8236
0.153476 0.3175 1.29564 0.823698
0.153476 0.3225 1.29561 0.823797
0.153476 0.3275 1.29557 0.823896
0.153476 0.3325 1.29554 0.823995
0.153476 0.3375 1.2955 0.824096
0.153476 0.3425 1.29546 0.824197
0.153476 0.3475 1.29543 0.824298
0.153476 0.3525 1.29539 0.8244
0.153476 0.3575 1.29535 0.824503
0.153476 0.3625 1.29531 0.824606
0.153476 0.3675 1.29528 0.82471
0.153476 0.3725 1.29524 0.824814
0.153476 0.3775 1.2952 0.824919
0.153476 0.3825 1.29516 0.825025
0.153476 0.3875 1.29512 0.825131
0.153476 0.3925 1.29508 0.825237
0.153476 0.3975 1.29505 0.825344
0.153476 0.4025 1.29501 0.825452
0.153476 0.4075 1.29497 0.82556
0.153476 0.4125 1.29493 0.825668
0.153476 0.4175 1.29489 0.825777
0.153476 0.4225 1.29485 0.825886
0.153476 0.4275 1.29481 0.825996
0.153476 0.4325 1.29477 0.826106
0.153476 0.4375 1.29473 0.826217
0.153476 0.4425 1.29469 0.826327
0.153476 0.4475 1.29465 0.826438
0.153476 0.4525 1.29461 0.82655
0.153476 0.4575 1.29457 0.826661
0.153476 0.4625 1.29453 0.826772
0.153476 0.4675 1.29449 0.826883
0.153476 0.4725 1.29445 0.826994
0.153476 0.4775 1.29441 0.827105
0.153476 0.4825 1.29437 0.827215
0.153476 0.4875 1.29433 0.827324
0.153476 0.4925 1.29429 0.827433
0.153476 0.4975 1.29425 0.82754
0.153476 0.5025 1.29421 0.827646
0.153476 0.5075 1.29417 0.82775
0.153476 0.5125 1.29413 0.827853
0.153476 0.5175 1.2941 0.827954
0.153476 0.5225 1.29406 0.828052
0.153476 0.5275 1.29403 0.828147
0.153476 0.5325 1.29399 0.82824
0.153476 0.5375 1.29396 0.828329
0.153476 0.5425 1.29393 0.828415
0.153476 0.5475 1.2939 0.828497
0.153476 0.5525 1.29387 0.828576
0.153476 0.5575 1.29385 0.82865
0.153476 0.5625 1.29382 0.828721
0.153476 0.5675 1.2938 0.828787
0.153476 0.5725 1.29378 0.82885
0.153476 0.5775 1.29376 0.828908
0.153476 0.5825 1.29374 0.828963
0.153476 0.5875 1.29372 0.829015
0.153476 0.5925 1.29371 0.829064
0.153476 0.5975 1.2937 0.82911
0.153476 0.6025 1.29369 0.829155
0.153476 0.6075 1.29368 0.829199
0.153476 0.6125 1.29368 0.829242
0.153476 0.6175 1.29368 0.829286
0.153476 0.6225 1.29368 0.829332
0.153476 0.6275 1.29368 0.82938
0.153476 0.6325 1.29369 0.829432
0.153476 0.6375 1.2937 0.829488
0.153476 0.6425 1.29371 0.829551
0.153476 0.6475 1.29373 0.82962
0.153476 0.6525 1.29375 0.829697
0.153476 0.6575 1.29378 0.829783
0.153476 0.6625 1.29381 0.829878
0.153476 0.6675 1.29384 0.829982
0.153476 0.6725 1.29388 0.830097
0.153476 0.6775 1.29393 0.830221
0.153476 0.6825 1.29397 0.830356
0.153476 0.6875 1.29402 0.8305
0.153476 0.6925 1.29408 0.830654
0.153476 0.6975 1.29414 0.830816
0.153476 0.7025 1.2942 0.830985
0.153476 0.7075 1.29426 0.831161
0.153476 0.7125 1.29433 0.831343
0.153476 0.7175 1.29439 0.831529
0.153476 0.7225 1.29446 0.831718
0.153476 0.7275 1.29453 0.831909
0.153476 0.7325 1.2946 0.832101
0.153476 0.7375 1.29467 0.832292
0.153476 0.7425 1.29474 0.832482
0.153476 0.7475 1.29481 0.832669
0.153476 0.7525 1.29487 0.832853
0.153476 0.7575 1.29494 0.833032
0.153476 0.7625 1.295 0.833207
0.153476 0.7675 1.29506 0.833376
0.153476 0.7725 1.29512 0.833539
0.153476 0.7775 1.29518 0.833696
0.153476 0.7825 1.29524 0.833846
0.153476 0.7875 1.29529 0.833989
0.153476 0.7925 1.29534 0.834125
0.153476 0.7975 1.29538 0.834253
0.153476 0.8025 1.29543 0.834373
0.153476 0.8075 1.29547 0.834486
0.153476 0.8125 1.29551 0.834591
0.153476 0.8175 1.29554 0.834687
0.153476 0.8225 1.29557 0.834776
0.153476 0.8275 1.2956 0.834857
0.153476 0.8325 1.29563 0.83493
0.153476 0.8375 1.29565 0.834995
0.153476 0.8425 1.29567 0.835052
0.153476 0.8475 1.29569 0.835101
0.153476 0.8525 1.29571 0.835141
0.153476 0.8575 1.29572 0.835174
0.153476 0.8625 1.29573 0.835198
0.153476 0.8675 1.29573 0.835214
0.153476 0.8725 1.29574 0.835222
0.153476 0.8775 1.29574 0.835222
0.153476 0.8825 1.29573 0.835214
0.153476 0.8875 1.29573 0.835197
0.153476 0.8925 1.29572 0.835172
0.153476 0.8975 1.29571 0.83514
0.153476 0.9025 1.29569 0.835098
0.153476 0.9075 1.29567 0.835049
0.153476 0.9125 1.29565 0.834991
0.153476 0.9175 1.29563 0.834926
0.153476 0.9225 1.2956 0.834851
0.153476 0.9275 1.29557 0.834769
0.153476 0.9325 1.29554 0.834678
0.153476 0.9375 1.2955 0.83458
0.153476 0.9425 1.29546 0.834472
0.153476 0.9475 1.29542 0.834357
0.153476 0.9525 1.29538 0.834233
0.153476 0.9575 1.29533 0.834101
0.153476 0.9625 1.29528 0.833961
0.153476 0.9675 1.29522 0.833813
0.153476 0.9725 1.29517 0.833656
0.153476 0.9775 1.29511 0.833491
0.153476 0.9825 1.29504 0.833317
0.153476 0.9875 1.29498 0.833135
0.153476 0.9925 1.29491 0.832945
0.153476 0.9975 1.29491 0.832945

0.179041 0.0025 1.29704 0.819863
0.179041 0.0075 1.29704 0.819863
0.179041 0.0125 1.29702 0.81991
0.179041 0.0175 1.297 0.819969
0.179041 0.0225 1.29698 0.820031
0.179041 0.0275 1.29695 0.820095
0.179041 0.0325 1.29693 0.820159
0.179041 0.0375 1.29691 0.820225
0.179041 0.0425 1.29688 0.820291
0.179041 0.0475 1.29686 0.820359
0.179041 0.0525 1.29683 0.820427
0.179041 0.0575 1.29681 0.820496
0.179041 0.0625 1.29678 0.820566
0.179041 0.0675 1.29676 0.820636
0.179041 0.0725 1.29673 0.820708
0.179041 0.0775 1.2967 0.820781
0.179041 0.0825 1.29668 0.820854
0.179041 0.0875 1.29665 0.820928
0.179041 0.0925 1.29662 0.821003
0.179041 0.0975 1.2966 0.821079
0.179041 0.1025 1.29657 0.821155
0.179041 0.1075 1.29654 0.821233
0.179041 0.1125 1.29651 0.821311
0.179041 0.1175 1.29648 0.82139
0.179041 0.1225 1.29645 0.82147
0.179041 0.1275 1.29642 0.82155
0.179041 0.1325 1.29639 0.821632
0.179041 0.1375 1.29636 0.821714
0.179041 0.1425 1.29633 0.821797
0.179041 0.1475 1.2963 0.821881
0.179041 0.1525 1.29627 0.821965
0.179041 0.1575 1.29624 0.82205
0.179041 0.1625 1.29621 0.822136
0.179041 0.1675 1.29618 0.822223
0.179041 0.1725 1.29615 0.82231
0.179041 0.1775 1.29612 0.822399
0.179041 0.1825 1.29608 0.822487
0.179041 0.1875 1.29605 0.822577
0.179041 0.1925 1.29602 0.822667
0.179041 0.1975 1.29598 0.822758
0.179041 0.2025 1.29595 0.82285
0.179041 0.2075 1.29592 0.822943
0.179041 0.2125 1.29588 0.823036
0.179041 0.2175 1.29585 0.823129
0.179041 0.2225 1.29582 0.823224
0.179041 0.2275 1.29578 0.823319
0.179041 0.2325 1.29575 0.823415
0.179041 0.2375 1.29571 0.823511
0.179041 0.2425 1.29568 0.823608
0.179041 0.2475 1.29564 0.823706
0.179041 0.2525 1.2956 0.823804
0.179041 0.2575 1.29557 0.823903
0.179041 0.2625 1.29553 0.824003
0.179041 0.2675 1.2955 0.824103
0.179041 0.2725 1.29546 0.824203
0.179041 0.2775 1.29542 0.824305
0.179041 0.2825 1.29539 0.824407
0.179041 0.2875 1.29535 0.824509
0.179041 0.2925 1.29531 0.824612
0.179041 0.2975 1.29527 0.824716
0.179041 0.3025 1.29524 0.82482
0.179041 0.3075 1.2952 0.824925
0.179041 0.3125 1.29516 0.82503
0.179041 0.3175 1.29512 0.825136
0.179041 0.3225 1.29508 0.825242
0.179041 0.3275 1.29504 0.825349
0.179041 0.3325 1.295 0.825456
0.179041 0.3375 1.29497 0.825564
0.179041 0.3425 1.29493 0.825672
0.179041 0.3475 1.29489 0.825781
0.179041 0.3525 1.29485 0.82589
0.179041 0.3575 1.29481 0.825999
0.179041 0.3625 1.29477 0.826109
0.179041 0.3675 1.29473 0.826219
0.179041 0.3725 1.29469 0.826329
0.179041 0.3775 1.29465 0.826439
0.179041 0.3825 1.29461 0.826549
0.179041 0.3875 1.29457 0.82666
0.179041 0.3925 1.29453 0.82677
0.179041 0.3975 1.29449 0.82688
0.179041 0.4025 1.29445 0.826989
0.179041 0.4075 1.29441 0.827098
0.179041 0.4125 1.29437 0.827207
0.179041 0.4175 1.29433 0.827314
0.179041 0.4225 1.29429 0.827421
0.179041 0.4275 1.29425 0.827526
0.179041 0.4325 1.29422 0.82763
0.179041 0.4375 1.29418 0.827732
0.179041 0.4425 1.29414 0.827832
0.179041 0.4475 1.29411 0.82793
0.179041 0.4525 1.29407 0.828026
0.179041 0.4575 1.29404 0.828119
0.179041 0.4625 1.294 0.828209
0.179041 0.4675 1.29397 0.828296
0.179041 0.4725 1.29394 0.828379
0.179041 0.4775 1.29391 0.82846
0.179041 0.4825 1.29389 0.828536
0.179041 0.4875 1.29386 0.828609
0.179041 0.4925 1.29383 0.828678
0.179041 0.4975 1.29381 0.828743
0.179041 0.5025 1.29379 0.828803
0.179041 0.5075 1.29377 0.82886
0.179041 0.5125 1.29375 0.828912
0.179041 0.5175 1.29373 0.828961
0.179041 0.5225 1.29372 0.829005
0.179041 0.5275 1.2937 0.829046
0.179041 0.5325 1.29369 0.829083
0.179041 0.5375 1.29368 0.829116
0.179041 0.5425 1.29366 0.829145
0.179041 0.5475 1.29365 0.829172
0.179041 0.5525 1.29365 0.829196
0.179041 0.5575 1.29364 0.829216
0.179041 0.5625 1.29363 0.829234
0.179041 0.5675 1.29363 0.82925
0.179041 0.5725 1.29362 0.829264
0.179041 0.5775 1.29362 0.829276
0.179041 0.5825 1.29361 0.829286
0.179041 0.5875 1.29361 0.829294
0.179041 0.5925 1.29361 0.829301
0.179041 0.5975 1.29361 0.829307
0.179041 0.6025 1.2936 0.829312
0.179041 0.6075 1.2936 0.829316
0.179041 0.6125 1.2936 0.82932
0.179041 0.6175 1.2936 0.829323
0.179041 0.6225 1.2936 0.829325
0.179041 0.6275 1.2936 0.829327
0.179041 0.6325 1.2936 0.829328
0.179041 0.6375 1.2936 0.829329
0.179041 0.6425 1.2936 0.829331
0.179041 0.6475 1.2936 0.829331
0.179041 0.6525 1.2936 0.829332
0.179041 0.6575 1.2936 0.829333
0.179041 0.6625 1.2936 0.829334
0.179041 0.6675 1.2936 0.829335
0.179041 0.6725 1.2936 0.829337
0.179041 0.6775 1.2936 0.829339
0.179041 0.6825 1.2936 0.829341
0.179041 0.6875 1.2936 0.829345
0.179041 0.6925 1.2936 0.829349
0.179041 0.6975 1.2936 0.829355
0.179041 0.7025 1.29361 0.829362
0.179041 0.7075 1.29361 0.829371
0.179041 0.7125 1.29361 0.829382
0.179041 0.7175 1.29362 0.829397
0.179041 0.7225 1.29363 0.829415
0.179041 0.7275 1.29363 0.829436
0.179041 0.7325 1.29364 0.829463
0.179041 0.7375 1.29365 0.829495
0.179041 0.7425 1.29367 0.829532
0.179041 0.7475 1.29368 0.829577
0.179041 0.7525 1.2937 0.829628
0.179041 0.7575 1.29373 0.829688
0.179041 0.7625 1.29375 0.829756
0.179041 0.7675 1.29378 0.829833
0.179041 0.7725 1.29381 0.82992
0.179041 0.7775 1.29384 0.830016
0.179041 0.7825 1.29388 0.830122
0.179041 0.7875 1.29392 0.830238
0.179041 0.7925 1.29397 0.830363
0.179041 0.7975 1.29402 0.830498
0.179041 0.8025 1.29407 0.830641
0.179041 0.8075 1.29413 0.830793
0.179041 0.8125 1.29418 0.830952
0.179041 0.8175 1.29424 0.831118
0.179041 0.8225 1.29431 0.83129
0.179041 0.8275 1.29437 0.831466
0.179041 0.8325 1.29444 0.831646
0.179041 0.8375 1.2945 0.831829
0.179041 0.8425 1.29457 0.832013
0.179041 0.8475 1.29464 0.832197
0.179041 0.8525 1.2947 0.832381
0.179041 0.8575 1.29477 0.832564
0.179041 0.8625 1.29483 0.832744
0.179041 0.8675 1.2949 0.83292
0.179041 0.8725 1.29496 0.833093
0.179041 0.8775 1.29502 0.833261
0.179041 0.8825 1.29508 0.833424
0.179041 0.8875 1.29514 0.833581
0.179041 0.8925 1.29519 0.833732
0.179041 0.8975 1.29525 0.833877
0.179041 0.9025 1.2953 0.834014
0.179041 0.9075 1.29534 0.834145
0.179041 0.9125 1.29539 0.834268
0.179041 0.9175 1.29543 0.834384
0.179041 0.9225 1.29547 0.834492
0.179041 0.9275 1.29551 0.834592
0.179041 0.9325 1.29554 0.834684
0.179041 0.9375 1.29557 0.834769
0.179041 0.9425 1.2956 0.834846
0.179041 0.9475 1.29562 0.834914
0.179041 0.9525 1.29565 0.834975
0.179041 0.9575 1.29566 0.835028
0.179041 0.9625 1.29568 0.835072
0.179041 0.9675 1.29569 0.835108
0.179041 0.9725 1.2957 0.835137
0.179041 0.9775 1.29571 0.835157
0.179041 0.9825 1.29572 0.835169
0.179041 0.9875 1.29572 0.835173
0.179041 0.9925 1.29572 0.835168
0.179041 0.9975 1.29572 0.835168

0.200008 0.0025 1.29676 0.820629
0.200008 0.0075 1.29676 0.820629
0.200008 0.0125 1.29674 0.820684
0.200008 0.0175 1.29671 0.820753
0.200008 0.0225 1.29669 0.820825
0.200008 0.0275 1.29666 0.820898
0.200008 0.0325 1.29663 0.820973
0.200008 0.0375 1.29661 0.821048
0.200008 0.0425 1.29658 0.821124
0.200008 0.0475 1.29655 0.821201
0.200008 0.0525 1.29652 0.821279
0.200008 0.0575 1.29649 0.821357
0.200008 0.0625 1.29647 0.821437
0.200008 0.0675 1.29644 0.821517
0.200008 0.0725 1.29641 0.821598
0.200008 0.0775 1.29638 0.821679
0.200008 0.0825 1.29635 0.821762
0.200008 0.0875 1.29632 0.821845
0.200008 0.0925 1.29629 0.821929
0.200008 0.0975 1.29626 0.822014
0.200008 0.1025 1.29622 0.822099
0.200008 0.1075 1.29619 0.822186
0.200008 0.1125 1.29616 0.822273
0.200008 0.1175 1.29613 0.82236
0.200008 0.1225 1.2961 0.822449
0.200008 0.1275 1.29607 0.822538
0.200008 0.1325 1.29603 0.822628
0.200008 0.1375 1.296 0.822718
0.200008 0.1425 1.29597 0.82281
0.200008 0.1475 1.29593 0.822902
0.200008 0.1525 1.2959 0.822994
0.200008 0.1575 1.29587 0.823087
0.200008 0.1625 1.29583 0.823181
0.200008 0.1675 1.2958 0.823276
0.200008 0.1725 1.29576 0.823371
0.200008 0.1775 1.29573 0.823467
0.200008 0.1825 1.29569 0.823564
0.200008 0.1875 1.29566 0.823661
0.200008 0.1925 1.29562 0.823759
0.200008 0.1975 1.29559 0.823858
0.200008 0.2025 1.29555 0.823957
0.200008 0.2075 1.29551 0.824057
0.200008 0.2125 1.29548 0.824157
0.200008 0.2175 1.29544 0.824258
0.200008 0.2225 1.2954 0.824359
0.200008 0.2275 1.29537 0.824461
0.200008 0.2325 1.29533 0.824564
0.200008 0.2375 1.29529 0.824667
0.200008 0.2425 1.29525 0.824771
0.200008 0.2475 1.29522 0.824875
0.200008 0.2525 1.29518 0.82498
0.200008 0.2575 1.29514 0.825086
0.200008 0.2625 1.2951 0.825191
0.200008 0.2675 1.29506 0.825298
0.200008 0.2725 1.29502 0.825405
0.200008 0.2775 1.29498 0.825512
0.200008 0.2825 1.29495 0.82562
0.200008 0.2875 1.29491 0.825728
0.200008 0.2925 1.29487 0.825836
0.200008 0.2975 1.29483 0.825945
0.200008 0.3025 1.29479 0.826054
0.200008 0.3075 1.29475 0.826163
0.200008 0.3125 1.29471 0.826273
0.200008 0.3175 1.29467 0.826382
0.200008 0.3225 1.29463 0.826492
0.200008 0.3275 1.29459 0.826601
0.200008 0.3325 1.29455 0.82671
0.200008 0.3375 1.29451 0.82682
0.200008 0.3425 1.29447 0.826928
0.200008 0.3475 1.29443 0.827036
0.200008 0.3525 1.29439 0.827144
0.200008 0.3575 1.29435 0.82725
0.200008 0.3625 1.29431 0.827356
0.200008 0.3675 1.29428 0.82746
0.200008 0.3725 1.29424 0.827563
0.200008 0.3775 1.2942 0.827664
0.200008 0.3825 1.29417 0.827764
0.200008 0.3875 1.29413 0.827861
0.200008 0.3925 1.2941 0.827956
0.200008 0.3975 1.29406 0.828049
0.200008 0.4025 1.29403 0.828139
0.200008 0.4075 1.294 0.828226
0.200008 0.4125 1.29397 0.82831
0.200008 0.4175 1.29394 0.828391
0.200008 0.4225 1.29391 0.828468
0.200008 0.4275 1.29388 0.828542
0.200008 0.4325 1.29386 0.828612
0.200008 0.4375 1.29383 0.828678
0.200008 0.4425 1.29381 0.828741
0.200008 0.4475 1.29379 0.8288
0.200008 0.4525 1.29377 0.828854
0.200008 0.4575 1.29375 0.828905
0.200008 0.4625 1.29373 0.828953
0.200008 0.4675 1.29372 0.828996
0.200008 0.4725 1.2937 0.829036
0.200008 0.4775 1.29369 0.829072
0.200008 0.4825 1.29368 0.829105
0.200008 0.4875 1.29367 0.829135
0.200008 0.4925 1.29366 0.829161
0.200008 0.4975 1.29365 0.829185
0.200008 0.5025 1.29364 0.829206
0.200008 0.5075 1.29364 0.829225
0.200008 0.5125 1.29363 0.829241
0.200008 0.5175 1.29362 0.829255
0.200008 0.5225 1.29362 0.829268
0.200008 0.5275 1.29362 0.829278
0.200008 0.5325 1.29361 0.829288
0.200008 0.5375 1.29361 0.829295
0.200008 0.5425 1.29361 0.829302
0.200008 0.5475 1.29361 0.829308
0.200008 0.5525 1.2936 0.829312
0.200008 0.5575 1.2936 0.829316
0.200008 0.5625 1.2936 0.82932
0.200008 0.5675 1.2936 0.829322
0.200008 0.5725 1.2936 0.829324
0.200008 0.5775 1.2936 0.829326
0.200008 0.5825 1.2936 0.829328
0.200008 0.5875 1.2936 0.829329
0.200008 0.5925 1.2936 0.82933
0.200008 0.5975 1.2936 0.829331
0.200008 0.6025 1.2936 0.829331
0.200008 0.6075 1.2936 0.829332
0.200008 0.6125 1.2936 0.829332
0.200008 0.6175 1.2936 0.829332
0.200008 0.6225 1.2936 0.829332
0.200008 0.6275 1.2936 0.829333
0.200008 0.6325 1.2936 0.829333
0.200008 0.6375 1.2936 0.829333
0.200008 0.6425 1.2936 0.829333
0.200008 0.6475 1.2936 0.829333
0.200008 0.6525 1.2936 0.829333
0.200008 0.6575 1.2936 0.829333
0.200008 0.6625 1.2936 0.829333
0.200008 0.6675 1.2936 0.829333
0.200008 0.6725 1.2936 0.829333
0.200008 0.6775 1.2936 0.829333
0.200008 0.6825 1.2936 0.829333
0.200008 0.6875 1.2936 0.829333
0.200008 0.6925 1.2936 0.829333
0.200008 0.6975 1.2936 0.829333
0.200008 0.7025 1.2936 0.829333
0.200008 0.7075 1.2936 0.829334
0.200008 0.7125 1.2936 0.829334
0.200008 0.7175 1.2936 0.829334
0.200008 0.7225 1.2936 0.829334
0.200008 0.7275 1.2936 0.829334
0.200008 0.7325 1.2936 0.829334
0.200008 0.7375 1.2936 0.829335
0.200008 0.7425 1.2936 0.829335
0.200008 0.7475 1.2936 0.829336
0.200008 0.7525 1.2936 0.829337
0.200008 0.7575 1.2936 0.829338
0.200008 0.7625 1.2936 0.82934
0.200008 0.7675 1.2936 0.829342
0.200008 0.7725 1.2936 0.829345
0.200008 0.7775 1.2936 0.829349
0.200008 0.7825 1.2936 0.829354
0.200008 0.7875 1.29361 0.829361
0.200008 0.7925 1.29361 0.829369
0.200008 0.7975 1.29361 0.829379
0.200008 0.8025 1.29362 0.829392
0.200008 0.8075 1.29362 0.829407
0.200008 0.8125 1.29363 0.829426
0.200008 0.8175 1.29364 0.82945
0.200008 0.8225 1.29365 0.829477
0.200008 0.8275 1.29366 0.82951
0.200008 0.8325 1.29367 0.829548
0.200008 0.8375 1.29369 0.829593
0.200008 0.8425 1.29371 0.829644
0.200008 0.8475 1.29373 0.829703
0.200008 0.8525 1.29375 0.82977
0.200008 0.8575 1.29378 0.829845
0.200008 0.8625 1.29381 0.829929
0.200008 0.8675 1.29385 0.830022
0.200008 0.8725 1.29388 0.830124
0.200008 0.8775 1.29392 0.830235
0.200008 0.8825 1.29397 0.830355
0.200008 0.8875 1.29401 0.830484
0.200008 0.8925 1.29406 0.830621
0.200008 0.8975 1.29412 0.830766
0.200008 0.9025 1.29417 0.830918
0.200008 0.9075 1.29423 0.831077
0.200008 0.9125 1.29429 0.831241
0.200008 0.9175 1.29435 0.831411
0.200008 0.9225 1.29441 0.831584
0.200008 0.9275 1.29448 0.83176
0.200008 0.9325 1.29454 0.831938
0.200008 0.9375 1.29461 0.832117
0.200008 0.9425 1.29467 0.832297
0.200008 0.9475 1.29474 0.832475
0.200008 0.9525 1.2948 0.832652
0.200008 0.9575 1.29486 0.832826
0.200008 0.9625 1.29493 0.832997
0.200008 0.9675 1.29499 0.833164
0.200008 0.9725 1.29505 0.833326
0.200008 0.9775 1.2951 0.833483
0.200008 0.9825 1.29516 0.833635
0.200008 0.9875 1.29521 0.83378
0.200008 0.9925 1.29526 0.833919
0.200008 0.9975 1.29526 0.833919

