# time=0
0.0125 2 0
0.0375 2 0
0.0625 2 0
0.0875 2 0
0.1125 2 0
0.1375 2 0
0.1625 2 0
0.1875 2 0
0.2125 2 0
0.2375 2 0
0.2625 2 0
0.2875 2 0
0.3125 2 0
0.3375 2 0
0.3625 2 0
0.3875 2 0
0.4125 2 0
0.4375 2 0
0.4625 2 0
0.4875 2 0
0.5125 2 0
0.5375 2 0
0.5625 2 0
0.5875 2 0
0.6125 2 0
0.6375 2 0
0.6625 2 0
0.6875 2 0
0.7125 2 0
0.7375 2 0
0.7625 2 0
0.7875 2 0
0.8125 2 0
0.8375 2 0
0.8625 2 0
0.8875 2 0
0.9125 2 0
0.9375 2 0
0.9625 2 0
0.9875 2 0
1.0125 2 0
1.0375 2 0
1.0625 2 0
1.0875 2 0
1.1125 2 0
1.1375 2 0
1.1625 2 0
1.1875 2 0
1.2125 2 0
1.2375 2 0
1.2625 2 0
1.2875 2 0
1.3125 2 0
1.3375 2 0
1.3625 2 0
1.3875 2 0
1.4125 2 0
1.4375 2 0
1.4625 2 0
1.4875 2 0
1.5125 2 0
1.5375 2 0
1.5625 2 0
1.5875 2 0
1.6125 2 0
1.6375 2 0
1.6625 2 0
1.6875 2 0
1.7125 2 0
1.7375 2 0
1.7625 2 0
1.7875 2 0
1.8125 2 0
1.8375 2 0
1.8625 2 0
1.8875 2 0
1.9125 2 0
1.9375 2 0
1.9625 2 0
1.9875 2 0
2.0125 2 0
2.0375 2 0
2.0625 2 0
2.0875 2 0
2.1125 2 0
2.1375 2 0
2.1625 2 0
2.1875 2 0
2.2125 2 0
2.2375 2 0
2.2625 2 0
2.2875 2 0
2.3125 2 0
2.3375 2 0
2.3625 2 0
2.3875 2 0
2.4125 2 0
2.4375 2 0
2.4625 2 0
2.4875 2 0
2.5125 2 0
2.5375 2 0
2.5625 2 0
2.5875 2 0
2.6125 2 0
2.6375 2 0
2.6625 2 0
2.6875 2 0
2.7125 2 0
2.7375 2 0
2.7625 2 0
2.7875 2 0
2.8125 2 0
2.8375 2 0
2.8625 2 0
2.8875 2 0
2.9125 2 0
2.9375 2 0
2.9625 2 0
2.9875 2 0
3.0125 2 0
3.0375 2 0
3.0625 2 0
3.0875 2 0
3.1125 2 0
3.1375 2 0
3.1625 2 0
3.1875 2 0
3.2125 2 0
3.2375 2 0
3.2625 2 0
3.2875 2 0
3.3125 2 0
3.3375 2 0
3.3625 2 0
3.3875 2 0
3.4125 2 0
3.4375 2 0
3.4625 2 0
3.4875 2 0
3.5125 2 0
3.5375 2 0
3.5625 2 0
3.5875 2 0
3.6125 2 0
3.6375 2 0
3.6625 2 0
3.6875 2 0
3.7125 2 0
3.7375 2 0
3.7625 2 0
3.7875 2 0
3.8125 2 0
3.8375 2 0
3.8625 2 0
3.8875 2 0
3.9125 2 0
3.9375 2 0
3.9625 2 0
3.9875 2 0
4.0125 2 0
4.0375 2 0
4.0625 2 0
4.0875 2 0
4.1125 2 0
4.1375 2 0
4.1625 2 0
4.1875 2 0
4.2125 2 0
4.2375 2 0
4.2625 2 0
4.2875 2 0
4.3125 2 0
4.3375 2 0
4.3625 2 0
4.3875 2 0
4.4125 2 0
4.4375 2 0
4.4625 2 0
4.4875 2 0
4.5125 2 0
4.5375 2 0
4.5625 2 0
4.5875 2 0
4.6125 2 0
4.6375 2 0
4.6625 2 0
4.6875 2 0
4.7125 2 0
4.7375 2 0
4.7625 2 0
4.7875 2 0
4.8125 2 0
4.8375 2 0
4.8625 2 0
4.8875 2 0
4.9125 2 0
4.9375 2 0
4.9625 2 0
4.9875 2 0
5.0125 1 0
5.0375 1 0
5.0625 1 0
5.0875 1 0
5.1125 1 0
5.1375 1 0
5.1625 1 0
5.1875 1 0
5.2125 1 0
5.2375 1 0
5.2625 1 0
5.2875 1 0
5.3125 1 0
5.3375 1 0
5.3625 1 0
5.3875 1 0
5.4125 1 0
5.4375 1 0
5.4625 1 0
5.4875 1 0
5.5125 1 0
5.5375 1 0
5.5625 1 0
5.5875 1 0
5.6125 1 0
5.6375 1 0
5.6625 1 0
5.6875 1 0
5.7125 1 0
5.7375 1 0
5.7625 1 0
5.7875 1 0
5.8125 1 0
5.8375 1 0
5.8625 1 0
5.8875 1 0
5.9125 1 0
5.9375 1 0
5.9625 1 0
5.9875 1 0
6.0125 1 0
6.0375 1 0
6.0625 1 0
6.0875 1 0
6.1125 1 0
6.1375 1 0
6.1625 1 0
6.1875 1 0
6.2125 1 0
6.2375 1 0
6.2625 1 0
6.2875 1 0
6.3125 1 0
6.3375 1 0
6.3625 1 0
6.3875 1 0
6.4125 1 0
6.4375 1 0
6.4625 1 0
6.4875 1 0
6.5125 1 0
6.5375 1 0
6.5625 1 0
6.5875 1 0
6.6125 1 0
6.6375 1 0
6.6625 1 0
6.6875 1 0
6.7125 1 0
6.7375 1 0
6.7625 1 0
6.7875 1 0
6.8125 1 0
6.8375 1 0
6.8625 1 0
6.8875 1 0
6.9125 1 0
6.9375 1 0
6.9625 1 0
6.9875 1 0
7.0125 1 0
7.0375 1 0
7.0625 1 0
7.0875 1 0
7.1125 1 0
7.1375 1 0
7.1625 1 0
7.1875 1 0
7.2125 1 0
7.2375 1 0
7.2625 1 0
7.2875 1 0
7.3125 1 0
7.3375 1 0
7.3625 1 0
7.3875 1 0
7.4125 1 0
7.4375 1 0
7.4625 1 0
7.4875 1 0
7.5125 1 0
7.5375 1 0
7.5625 1 0
7.5875 1 0
7.6125 1 0
7.6375 1 0
7.6625 1 0
7.6875 1 0
7.7125 1 0
7.7375 1 0
7.7625 1 0
7.7875 1 0
7.8125 1 0
7.8375 1 0
7.8625 1 0
7.8875 1 0
7.9125 1 0
7.9375 1 0
7.9625 1 0
7.9875 1 0
8.0125 1 0
8.0375 1 0
8.0625 1 0
8.0875 1 0
8.1125 1 0
8.1375 1 0
8.1625 1 0
8.1875 1 0
8.2125 1 0
8.2375 1 0
8.2625 1 0
8.2875 1 0
8.3125 1 0
8.3375 1 0
8.3625 1 0
8.3875 1 0
8.4125 1 0
8.4375 1 0
8.4625 1 0
8.4875 1 0
8.5125 1 0
8.5375 1 0
8.5625 1 0
8.5875 1 0
8.6125 1 0
8.6375 1 0
8.6625 1 0
8.6875 1 0
8.7125 1 0
8.7375 1 0
8.7625 1 0
8.7875 1 0
8.8125 1 0
8.8375 1 0
8.8625 1 0
8.8875 1 0
8.9125 1 0
8.9375 1 0
8.9625 1 0
8.9875 1 0
9.0125 1 0
9.0375 1 0
9.0625 1 0
9.0875 1 0
9.1125 1 0
9.1375 1 0
9.1625 1 0
9.1875 1 0
9.2125 1 0
9.2375 1 0
9.2625 1 0
9.2875 1 0
9.3125 1 0
9.3375 1 0
9.3625 1 0
9.3875 1 0
9.4125 1 0
9.4375 1 0
9.4625 1 0
9.4875 1 0
9.5125 1 0
9.5375 1 0
9.5625 1 0
9.5875 1 0
9.6125 1 0
9.6375 1 0
9.6625 1 0
9.6875 1 0
9.7125 1 0
9.7375 1 0
9.7625 1 0
9.7875 1 0
9.8125 1 0
9.8375 1 0
9.8625 1 0
9.8875 1 0
9.9125 1 0
9.9375 1 0
9.9625 1 0
9.9875 1 0

# time=0.22253
0.0125 1.45309 -1.30493
0.0375 1.45307 -1.30503
0.0625 1.45305 -1.30514
0.0875 1.45302 -1.30525
0.1125 1.45299 -1.30539
0.1375 1.45294 -1.30554
0.1625 1.45289 -1.30571
0.1875 1.45283 -1.30591
0.2125 1.45276 -1.30614
0.2375 1.45268 -1.30636
0.2625 1.45264 -1.30651
0.2875 1.45271 -1.30637
0.3125 1.45304 -1.30554
0.3375 1.4539 -1.30335
0.3625 1.45563 -1.29889
0.3875 1.45866 -1.29105
0.4125 1.46341 -1.27877
0.4375 1.47021 -1.26124
0.4625 1.47922 -1.23803
0.4875 1.4905 -1.2091
0.5125 1.50392 -1.1748
0.5375 1.51931 -1.13566
0.5625 1.53645 -1.09233
0.5875 1.55509 -1.04547
0.6125 1.57501 -0.995697
0.6375 1.59601 -0.943562
0.6625 1.61792 -0.889537
0.6875 1.6406 -0.834024
0.7125 1.6639 -0.777367
0.7375 1.68771 -0.719868
0.7625 1.71194 -0.661794
0.7875 1.73647 -0.603397
0.8125 1.76121 -0.544927
0.8375 1.78603 -0.486647
0.8625 1.81082 -0.428853
0.8875 1.83542 -0.371898
0.9125 1.85962 -0.316215
0.9375 1.88318 -0.262358
0.9625 1.90576 -0.211035
0.9875 1.92696 -0.163146
1.0125 1.94624 -0.119797
1.0375 1.96302 -0.082241
1.0625 1.97671 -0.0516974
1.0875 1.98693 -0.0289785
1.1125 1.99367 -0.0140214
1.1375 1.99746 -0.00563121
1.1625 1.99919 -0.0017873
1.1875 1.99981 -0.000418273
1.2125 1.99997 -6.40263e-05
1.2375 2 -4.8058e-06
1.2625 2 0
1.2875 2 0
1.3125 2 0
1.3375 2 0
1.3625 2 0
1.3875 2 0
1.4125 2 0
1.4375 2 0
1.4625 2 0
1.4875 2 0
1.5125 2 0
1.5375 2 0
1.5625 2 0
1.5875 2 0
1.6125 2 0
1.6375 2 0
1.6625 2 0
1.6875 2 0
1.7125 2 0
1.7375 2 0
1.7625 2 0
1.7875 2 0
1.8125 2 0
1.8375 2 0
1.8625 2 0
1.8875 2 0
1.9125 2 0
1.9375 2 0
1.9625 2 0
1.9875 2 0
2.0125 2 0
2.0375 2 0
2.0625 2 0
2.0875 2 0
2.1125 2 0
2.1375 2 0
2.1625 2 0
2.1875 2 0
2.2125 2 0
2.2375 2 0
2.2625 2 0
2.2875 2 0
2.3125 2 0
2.3375 2 0
2.3625 2 0
2.3875 2 0
2.4125 2 0
2.4375 2 0
2.4625 2 0
2.4875 2 0
2.5125 2 0
2.5375 2 0
2.5625 2 0
2.5875 2 0
2.6125 2 0
2.6375 2 0
2.6625 2 0
2.6875 2 0
2.7125 2 0
2.7375 2 0
2.7625 2 0
2.7875 2 0
2.8125 2 0
2.8375 2 0
2.8625 2 0
2.8875 2 0
2.9125 2 0
2.9375 2 0
2.9625 2 0
2.9875 2 0
3.0125 2 0
3.0375 2 0
3.0625 2 0
3.0875 2 0
3.1125 2 0
3.1375 2 0
3.1625 2 0
3.1875 2 0
3.2125 2 0
3.2375 2 0
3.2625 2 0
3.2875 2 0
3.3125 2 0
3.3375 2 0
3.3625 2 0
3.3875 2 0
3.4125 2 0
3.4375 2 0
3.4625 2 0
3.4875 2 0
3.5125 2 0
3.5375 2 0
3.5625 2 0
3.5875 2 0
3.6125 2 0
3.6375 2 0
3.6625 2 0
3.6875 2 0
3.7125 2 0
3.7375 2 0
3.7625 2 4.8058e-06
3.7875 1.99997 6.40263e-05
3.8125 1.99981 0.000418273
3.8375 1.99919 0.0017873
3.8625 1.99746 0.00563121
3.8875 1.99367 0.0140214
3.9125 1.98693 0.0289785
3.9375 1.97671 0.0516974
3.9625 1.96302 0.082241
3.9875 1.94624 0.119797
4.0125 1.92696 0.163146
4.0375 1.90576 0.211035
4.0625 1.88318 0.262358
4.0875 1.85962 0.316215
4.1125 1.83542 0.371898
4.1375 1.81082 0.428853
4.1625 1.78603 0.486647
4.1875 1.76121 0.544927
4.2125 1.73647 0.603397
4.2375 1.71194 0.661794
4.2625 1.68771 0.719868
4.2875 1.6639 0.777367
4.3125 1.6406 0.834024
4.3375 1.61792 0.889537
4.3625 1.59601 0.943562
4.3875 1.57501 0.995697
4.4125 1.55509 1.04547
4.4375 1.53645 1.09233
4.4625 1.51931 1.13566
4.4875 1.50392 1.1748
4.5125 1.4905 1.2091
4.5375 1.47922 1.23803
4.5625 1.47021 1.26124
4.5875 1.46341 1.27877
4.6125 1.45866 1.29105
4.6375 1.45563 1.29889
4.6625 1.4539 1.30335
4.6875 1.45304 1.30554
4.7125 1.45271 1.30637
4.7375 1.45264 1.30651
4.7625 1.45268 1.30636
4.7875 1.45276 1.30614
4.8125 1.45283 1.30591
4.8375 1.45289 1.30571
4.8625 1.45294 1.30554
4.8875 1.45299 1.30539
4.9125 1.45302 1.30525
4.9375 1.45305 1.30514
4.9625 1.45307 1.30503
4.9875 1.45309 1.30493
5.0125 1.4531 1.30484
5.0375 1.45311 1.30476
5.0625 1.45312 1.30468
5.0875 1.45313 1.30461
5.1125 1.45313 1.30454
5.1375 1.45313 1.30447
5.1625 1.45313 1.30441
5.1875 1.45313 1.30434
5.2125 1.45313 1.30428
5.2375 1.45312 1.30422
5.2625 1.45312 1.30416
5.2875 1.45311 1.3041
5.3125 1.4531 1.30404
5.3375 1.45308 1.30397
5.3625 1.45307 1.30391
5.3875 1.45306 1.30385
5.4125 1.45304 1.30378
5.4375 1.45302 1.30371
5.4625 1.453 1.30364
5.4875 1.45298 1.30356
5.5125 1.45295 1.30348
5.5375 1.45292 1.3034
5.5625 1.45289 1.3033
5.5875 1.45286 1.30321
5.6125 1.45282 1.3031
5.6375 1.45278 1.30299
5.6625 1.45274 1.30286
5.6875 1.45269 1.30272
5.7125 1.45263 1.30256
5.7375 1.45256 1.30239
5.7625 1.45248 1.30218
5.7875 1.45238 1.30191
5.8125 1.45217 1.30136
5.8375 1.45124 1.29895
5.8625 1.44575 1.28462
5.8875 1.41971 1.21654
5.9125 1.33874 0.999855
5.9375 1.18889 0.577801
5.9625 1.05908 0.184924
5.9875 1.0119 0.0372987
6.0125 1.00203 0.00636892
6.0375 1.00033 0.00102342
6.0625 1.00005 0.000155455
6.0875 1.00001 2.18321e-05
6.1125 1 2.74666e-06
6.1375 1 2.97653e-07
6.1625 1 2.6418e-08
6.1875 1 1.7863e-09
6.2125 1 8.13068e-11
6.2375 1 1.86049e-12
6.2625 1 0
6.2875 1 0
6.3125 1 0
6.3375 1 0
6.3625 1 0
6.3875 1 0
6.4125 1 0
6.4375 1 0
6.4625 1 0
6.4875 1 0
6.5125 1 0
6.5375 1 0
6.5625 1 0
6.5875 1 0
6.6125 1 0
6.6375 1 0
6.6625 1 0
6.6875 1 0
6.7125 1 0
6.7375 1 0
6.7625 1 0
6.7875 1 0
6.8125 1 0
6.8375 1 0
6.8625 1 0
6.8875 1 0
6.9125 1 0
6.9375 1 0
6.9625 1 0
6.9875 1 0
7.0125 1 0
7.0375 1 0
7.0625 1 0
7.0875 1 0
7.1125 1 0
7.1375 1 0
7.1625 1 0
7.1875 1 0
7.2125 1 0
7.2375 1 0
7.2625 1 0
7.2875 1 0
7.3125 1 0
7.3375 1 0
7.3625 1 0
7.3875 1 0
7.4125 1 0
7.4375 1 0
7.4625 1 0
7.4875 1 0
7.5125 1 0
7.5375 1 0
7.5625 1 0
7.5875 1 0
7.6125 1 0
7.6375 1 0
7.6625 1 0
7.6875 1 0
7.7125 1 0
7.7375 1 0
7.7625 1 0
7.7875 1 0
7.8125 1 0
7.8375 1 0
7.8625 1 0
7.8875 1 0
7.9125 1 0
7.9375 1 0
7.9625 1 0
7.9875 1 0
8.0125 1 0
8.0375 1 0
8.0625 1 0
8.0875 1 0
8.1125 1 0
8.1375 1 0
8.1625 1 0
8.1875 1 0
8.2125 1 0
8.2375 1 0
8.2625 1 0
8.2875 1 0
8.3125 1 0
8.3375 1 0
8.3625 1 0
8.3875 1 0
8.4125 1 0
8.4375 1 0
8.4625 1 0
8.4875 1 0
8.5125 1 0
8.5375 1 0
8.5625 1 0
8.5875 1 0
8.6125 1 0
8.6375 1 0
8.6625 1 0
8.6875 1 0
8.7125 1 0
8.7375 1 0
8.7625 1 -1.86049e-12
8.7875 1 -8.13068e-11
8.8125 1 -1.7863e-09
8.8375 1 -2.6418e-08
8.8625 1 -2.97653e-07
8.8875 1 -2.74666e-06
8.9125 1.00001 -2.18321e-05
8.9375 1.00005 -0.000155455
8.9625 1.00033 -0.00102342
8.9875 1.00203 -0.00636892
9.0125 1.0119 -0.0372987
9.0375 1.05908 -0.184924
9.0625 1.18889 -0.577801
9.0875 1.33874 -0.999855
9.1125 1.41971 -1.21654
9.1375 1.44575 -1.28462
9.1625 1.45124 -1.29895
9.1875 1.45217 -1.30136
9.2125 1.45238 -1.30191
9.2375 1.45248 -1.30218
9.2625 1.45256 -1.30239
9.2875 1.45263 -1.30256
9.3125 1.45269 -1.30272
9.3375 1.45274 -1.30286
9.3625 1.45278 -1.30299
9.3875 1.45282 -1.3031
9.4125 1.45286 -1.30321
9.4375 1.45289 -1.3033
9.4625 1.45292 -1.3034
9.4875 1.45295 -1.30348
9.5125 1.45298 -1.30356
9.5375 1.453 -1.30364
9.5625 1.45302 -1.30371
9.5875 1.45304 -1.30378
9.6125 1.45306 -1.30385
9.6375 1.45307 -1.30391
9.6625 1.45308 -1.30397
9.6875 1.4531 -1.30404
9.7125 1.45311 -1.3041
9.7375 1.45312 -1.30416
9.7625 1.45312 -1.30422
9.7875 1.45313 -1.30428
9.8125 1.45313 -1.30434
9.8375 1.45313 -1.30441
9.8625 1.45313 -1.30447
9.8875 1.45313 -1.30454
9.9125 1.45313 -1.30461
9.9375 1.45312 -1.30468
9.9625 1.45311 -1.30476
9.9875 1.4531 -1.30484

# time=0.443913
0.0125 1.45354 -1.305
0.0375 1.45354 -1.30501
0.0625 1.45353 -1.30503
0.0875 1.45353 -1.30504
0.1125 1.45353 -1.30506
0.1375 1.45353 -1.30508
0.1625 1.45353 -1.3051
0.1875 1.45353 -1.30512
0.2125 1.45352 -1.30514
0.2375 1.45352 -1.30516
0.2625 1.45351 -1.30519
0.2875 1.45351 -1.30521
0.3125 1.4535 -1.30524
0.3375 1.4535 -1.30527
0.3625 1.45349 -1.30531
0.3875 1.45348 -1.30534
0.4125 1.45347 -1.30539
0.4375 1.45345 -1.30543
0.4625 1.45344 -1.30548
0.4875 1.45342 -1.30554
0.5125 1.4534 -1.3056
0.5375 1.45338 -1.30567
0.5625 1.45335 -1.30575
0.5875 1.45332 -1.30583
0.6125 1.45329 -1.30593
0.6375 1.45326 -1.30602
0.6625 1.45323 -1.3061
0.6875 1.45322 -1.30614
0.7125 1.45324 -1.30608
0.7375 1.45334 -1.30585
0.7625 1.45354 -1.30532
0.7875 1.45394 -1.30431
0.8125 1.4546 -1.30259
0.8375 1.45564 -1.29989
0.8625 1.45718 -1.29592
0.8875 1.45931 -1.29039
0.9125 1.46216 -1.28304
0.9375 1.46578 -1.27366
0.9625 1.47024 -1.26214
0.9875 1.47555 -1.24845
1.0125 1.48171 -1.23261
1.0375 1.48868 -1.21471
1.0625 1.49641 -1.19491
1.0875 1.50485 -1.17337
1.1125 1.51392 -1.15025
1.1375 1.52357 -1.12575
1.1625 1.53374 -1.10003
1.1875 1.54436 -1.07324
1.2125 1.55539 -1.04554
1.2375 1.56677 -1.01703
1.2625 1.57847 -0.987849
1.2875 1.59045 -0.958077
1.3125 1.60268 -0.927804
1.3375 1.61512 -0.897102
1.3625 1.62777 -0.866036
1.3875 1.64059 -0.834662
1.4125 1.65357 -0.803029
1.4375 1.66668 -0.771182
1.4625 1.67992 -0.739158
1.4875 1.69328 -0.706995
1.5125 1.70672 -0.674726
1.5375 1.72026 -0.642382
1.5625 1.73386 -0.609995
1.5875 1.74752 -0.577596
1.6125 1.76123 -0.545216
1.6375 1.77497 -0.512888
1.6625 1.78872 -0.480649
1.6875 1.80247 -0.448538
1.7125 1.8162 -0.416602
1.7375 1.82988 -0.384891
1.7625 1.84349 -0.353468
1.7875 1.85699 -0.322404
1.8125 1.87035 -0.291785
1.8375 1.88351 -0.261714
1.8625 1.89643 -0.232315
1.8875 1.90902 -0.203738
1.9125 1.92121 -0.176161
1.9375 1.93291 -0.149795
1.9625 1.94399 -0.124885
1.9875 1.95433 -0.101706
2.0125 1.96378 -0.0805544
2.0375 1.97222 -0.0617258
2.0625 1.97951 -0.0454823
2.0875 1.98557 -0.0320054
2.1125 1.99037 -0.0213462
2.1375 1.99396 -0.0133851
2.1625 1.99647 -0.00782547
2.1875 1.99809 -0.00422983
2.2125 1.99905 -0.0020959
2.2375 1.99957 -0.000943769
2.2625 1.99983 -0.000382595
2.2875 1.99994 -0.000138162
2.3125 1.99998 -4.38864e-05
2.3375 1.99999 -1.207e-05
2.3625 2 -2.81577e-06
2.3875 2 -5.41755e-07
2.4125 2 -8.25361e-08
2.4375 2 -9.33552e-09
2.4625 2 -6.96914e-10
2.4875 2 -2.57558e-11
2.5125 2 2.57558e-11
2.5375 2 6.96914e-10
2.5625 2 9.33552e-09
2.5875 2 8.25361e-08
2.6125 2 5.41755e-07
2.6375 2 2.81577e-06
2.6625 1.99999 1.207e-05
2.6875 1.99998 4.38864e-05
2.7125 1.99994 0.000138162
2.7375 1.99983 0.000382595
2.7625 1.99957 0.000943769
2.7875 1.99905 0.0020959
2.8125 1.99809 0.00422983
2.8375 1.99647 0.00782547
2.8625 1.99396 0.0133851
2.8875 1.99037 0.0213462
2.9125 1.98557 0.0320054
2.9375 1.97951 0.0454823
2.9625 1.97222 0.0617258
2.9875 1.96378 0.0805544
3.0125 1.95433 0.101706
3.0375 1.94399 0.124885
3.0625 1.93291 0.149795
3.0875 1.92121 0.176161
3.1125 1.90902 0.203738
3.1375 1.89643 0.232315
3.1625 1.88351 0.261714
3.1875 1.87035 0.291785
3.2125 1.85699 0.322404
3.2375 1.84349 0.353468
3.2625 1.82988 0.384891
3.2875 1.8162 0.416602
3.3125 1.80247 0.448538
3.3375 1.78872 0.480649
3.3625 1.77497 0.512888
3.3875 1.76123 0.545216
3.4125 1.74752 0.577596
3.4375 1.73386 0.609995
3.4625 1.72026 0.642382
3.4875 1.70672 0.674726
3.5125 1.69328 0.706995
3.5375 1.67992 0.739158
3.5625 1.66668 0.771182
3.5875 1.65357 0.803029
3.6125 1.64059 0.834662
3.6375 1.62777 0.866036
3.6625 1.61512 0.897102
3.6875 1.60268 0.927804
3.7125 1.59045 0.958077
3.7375 1.57847 0.987849
3.7625 1.56677 1.01703
3.7875 1.55539 1.04554
3.8125 1.54436 1.07324
3.8375 1.53374 1.10003
3.8625 1.52357 1.12575
3.8875 1.51392 1.15025
3.9125 1.50485 1.17337
3.9375 1.49641 1.19491
3.9625 1.48868 1.21471
3.9875 1.48171 1.23261
4.0125 1.47555 1.24845
4.0375 1.47024 1.26214
4.0625 1.46578 1.27366
4.0875 1.46216 1.28304
4.1125 1.45931 1.29039
4.1375 1.45718 1.29592
4.1625 1.45564 1.29989
4.1875 1.4546 1.30259
4.2125 1.45394 1.30431
4.2375 1.45354 1.30532
4.2625 1.45334 1.30585
4.2875 1.45324 1.30608
4.3125 1.45322 1.30614
4.3375 1.45323 1.3061
4.3625 1.45326 1.30602
4.3875 1.45329 1.30593
4.4125 1.45332 1.30583
4.4375 1.45335 1.30575
4.4625 1.45338 1.30567
4.4875 1.4534 1.3056
4.5125 1.45342 1.30554
4.5375 1.45344 1.30548
4.5625 1.45345 1.30543
4.5875 1.45347 1.30539
4.6125 1.45348 1.30534
4.6375 1.45349 1.30531
4.6625 1.4535 1.30527
4.6875 1.4535 1.30524
4.7125 1.45351 1.30521
4.7375 1.45351 1.30519
4.7625 1.45352 1.30516
4.7875 1.45352 1.30514
4.8125 1.45353 1.30512
4.8375 1.45353 1.3051
4.8625 1.45353 1.30508
4.8875 1.45353 1.30506
4.9125 1.45353 1.30504
4.9375 1.45353 1.30503
4.9625 1.45354 1.30501
4.9875 1.45354 1.305
5.0125 1.45353 1.30498
5.0375 1.45353 1.30497
5.0625 1.45353 1.30495
5.0875 1.45353 1.30494
5.1125 1.45353 1.30493
5.1375 1.45353 1.30492
5.1625 1.45353 1.3049
5.1875 1.45352 1.30489
5.2125 1.45352 1.30488
5.2375 1.45352 1.30487
5.2625 1.45352 1.30486
5.2875 1.45351 1.30485
5.3125 1.45351 1.30483
5.3375 1.45351 1.30482
5.3625 1.4535 1.30481
5.3875 1.4535 1.3048
5.4125 1.4535 1.30479
5.4375 1.45349 1.30478
5.4625 1.45349 1.30476
5.4875 1.45348 1.30475
5.5125 1.45348 1.30474
5.5375 1.45348 1.30473
5.5625 1.45347 1.30472
5.5875 1.45347 1.3047
5.6125 1.45346 1.30469
5.6375 1.45346 1.30468
5.6625 1.45345 1.30466
5.6875 1.45344 1.30465
5.7125 1.45344 1.30463
5.7375 1.45343 1.30462
5.7625 1.45343 1.3046
5.7875 1.45342 1.30459
5.8125 1.45341 1.30457
5.8375 1.45341 1.30455
5.8625 1.4534 1.30454
5.8875 1.45339 1.30452
5.9125 1.45339 1.3045
5.9375 1.45338 1.30448
5.9625 1.45337 1.30446
5.9875 1.45336 1.30444
6.0125 1.45335 1.30442
6.0375 1.45335 1.3044
6.0625 1.45334 1.30438
6.0875 1.45333 1.30435
6.1125 1.45332 1.30433
6.1375 1.45331 1.3043
6.1625 1.4533 1.30428
6.1875 1.45329 1.30425
6.2125 1.45327 1.30422
6.2375 1.45326 1.30419
6.2625 1.45325 1.30416
6.2875 1.45324 1.30413
6.3125 1.45322 1.30409
6.3375 1.45321 1.30406
6.3625 1.45319 1.30402
6.3875 1.45318 1.30398
6.4125 1.45316 1.30394
6.4375 1.45315 1.30389
6.4625 1.45313 1.30385
6.4875 1.45311 1.3038
6.5125 1.45309 1.30375
6.5375 1.45307 1.30369
6.5625 1.45304 1.30363
6.5875 1.45302 1.30357
6.6125 1.45299 1.3035
6.6375 1.45296 1.30342
6.6625 1.45293 1.30334
6.6875 1.45289 1.30325
6.7125 1.45285 1.30312
6.7375 1.4527 1.30275
6.7625 1.45186 1.30059
6.7875 1.44655 1.28671
6.8125 1.42088 1.21965
6.8375 1.34047 1.00458
6.8625 1.19071 0.583125
6.8875 1.06003 0.187857
6.9125 1.01221 0.0382862
6.9375 1.00214 0.00670002
6.9625 1.00036 0.00113676
6.9875 1.00006 0.000191691
7.0125 1.00001 3.22301e-05
7.0375 1 5.39533e-06
7.0625 1 8.96239e-07
7.0875 1 1.47009e-07
7.1125 1 2.36566e-08
7.1375 1 3.70502e-09
7.1625 1 5.5958e-10
7.1875 1 8.06776e-11
7.2125 1 1.09831e-11
7.2375 1 1.39554e-12
7.2625 1 1.63274e-13
7.2875 1 1.76173e-14
7.3125 1 1.73027e-15
7.3375 1 1.57297e-16
7.3625 1 0
7.3875 1 0
7.4125 1 0
7.4375 1 0
7.4625 1 0
7.4875 1 0
7.5125 1 0
7.5375 1 0
7.5625 1 0
7.5875 1 0
7.6125 1 0
7.6375 1 0
7.6625 1 -1.57297e-16
7.6875 1 -1.73027e-15
7.7125 1 -1.76173e-14
7.7375 1 -1.63274e-13
7.7625 1 -1.39554e-12
7.7875 1 -1.09831e-11
7.8125 1 -8.06776e-11
7.8375 1 -5.5958e-10
7.8625 1 -3.70502e-09
7.8875 1 -2.36566e-08
7.9125 1 -1.47009e-07
7.9375 1 -8.96239e-07
7.9625 1 -5.39533e-06
7.9875 1.00001 -3.22301e-05
8.0125 1.00006 -0.000191691
8.0375 1.00036 -0.00113676
8.0625 1.00214 -0.00670002
8.0875 1.01221 -0.0382862
8.1125 1.06003 -0.187857
8.1375 1.19071 -0.583125
8.1625 1.34047 -1.00458
8.1875 1.42088 -1.21965
8.2125 1.44655 -1.28671
8.2375 1.45186 -1.30059
8.2625 1.4527 -1.30275
8.2875 1.45285 -1.30312
8.3125 1.45289 -1.30325
8.3375 1.45293 -1.30334
8.3625 1.45296 -1.30342
8.3875 1.45299 -1.3035
8.4125 1.45302 -1.30357
8.4375 1.45304 -1.30363
8.4625 1.45307 -1.30369
8.4875 1.45309 -1.30375
8.5125 1.45311 -1.3038
8.5375 1.45313 -1.30385
8.5625 1.45315 -1.30389
8.5875 1.45316 -1.30394
8.6125 1.45318 -1.30398
8.6375 1.45319 -1.30402
8.6625 1.45321 -1.30406
8.6875 1.45322 -1.30409
8.7125 1.45324 -1.30413
8.7375 1.45325 -1.30416
8.7625 1.45326 -1.30419
8.7875 1.45327 -1.30422
8.8125 1.45329 -1.30425
8.8375 1.4533 -1.30428
8.8625 1.45331 -1.3043
8.8875 1.45332 -1.30433
8.9125 1.45333 -1.30435
8.9375 1.45334 -1.30438
8.9625 1.45335 -1.3044
8.9875 1.45335 -1.30442
9.0125 1.45336 -1.30444
9.0375 1.45337 -1.30446
9.0625 1.45338 -1.30448
9.0875 1.45339 -1.3045
9.1125 1.45339 -1.30452
9.1375 1.4534 -1.30454
9.1625 1.45341 -1.30455
9.1875 1.45341 -1.30457
9.2125 1.45342 -1.30459
9.2375 1.45343 -1.3046
9.2625 1.45343 -1.30462
9.2875 1.45344 -1.30463
9.3125 1.45344 -1.30465
9.3375 1.45345 -1.30466
9.3625 1.45346 -1.30468
9.3875 1.45346 -1.30469
9.4125 1.45347 -1.3047
9.4375 1.45347 -1.30472
9.4625 1.45348 -1.30473
9.4875 1.45348 -1.30474
9.5125 1.45348 -1.30475
9.5375 1.45349 -1.30476
9.5625 1.45349 -1.30478
9.5875 1.4535 -1.30479
9.6125 1.4535 -1.3048
9.6375 1.4535 -1.30481
9.6625 1.45351 -1.30482
9.6875 1.45351 -1.30483
9.7125 1.45351 -1.30485
9.7375 1.45352 -1.30486
9.7625 1.45352 -1.30487
9.7875 1.45352 -1.30488
9.8125 1.45352 -1.30489
9.8375 1.45353 -1.3049
9.8625 1.45353 -1.30492
9.8875 1.45353 -1.30493
9.9125 1.45353 -1.30494
9.9375 1.45353 -1.30495
9.9625 1.45353 -1.30497
9.9875 1.45353 -1.30498

# time=0.665285
0.0125 1.45365 -1.30518
0.0375 1.45365 -1.30518
0.0625 1.45365 -1.30518
0.0875 1.45365 -1.30519
0.1125 1.45365 -1.30519
0.1375 1.45365 -1.3052
0.1625 1.45365 -1.3052
0.1875 1.45365 -1.30521
0.2125 1.45366 -1.30521
0.2375 1.45366 -1.30522
0.2625 1.45366 -1.30522
0.2875 1.45366 -1.30523
0.3125 1.45366 -1.30523
0.3375 1.45366 -1.30524
0.3625 1.45366 -1.30524
0.3875 1.45366 -1.30525
0.4125 1.45366 -1.30526
0.4375 1.45366 -1.30526
0.4625 1.45366 -1.30527
0.4875 1.45366 -1.30528
0.5125 1.45365 -1.30529
0.5375 1.45365 -1.3053
0.5625 1.45365 -1.30531
0.5875 1.45365 -1.30532
0.6125 1.45365 -1.30533
0.6375 1.45364 -1.30534
0.6625 1.45364 -1.30536
0.6875 1.45364 -1.30537
0.7125 1.45363 -1.30539
0.7375 1.45363 -1.3054
0.7625 1.45362 -1.30542
0.7875 1.45362 -1.30544
0.8125 1.45361 -1.30547
0.8375 1.4536 -1.30549
0.8625 1.45359 -1.30552
0.8875 1.45358 -1.30555
0.9125 1.45357 -1.30558
0.9375 1.45356 -1.30562
0.9625 1.45355 -1.30566
0.9875 1.45353 -1.30571
1.0125 1.45351 -1.30576
1.0375 1.45349 -1.30581
1.0625 1.45347 -1.30587
1.0875 1.45346 -1.30592
1.1125 1.45344 -1.30596
1.1375 1.45344 -1.30598
1.1625 1.45345 -1.30595
1.1875 1.45349 -1.30584
1.2125 1.45358 -1.30561
1.2375 1.45375 -1.30519
1.2625 1.45401 -1.3045
1.2875 1.45442 -1.30344
1.3125 1.45502 -1.30188
1.3375 1.45586 -1.29971
1.3625 1.457 -1.29677
1.3875 1.45847 -1.29295
1.4125 1.46033 -1.28813
1.4375 1.46262 -1.28221
1.4625 1.46536 -1.27512
1.4875 1.46857 -1.26682
1.5125 1.47225 -1.25731
1.5375 1.4764 -1.2466
1.5625 1.48101 -1.23473
1.5875 1.48604 -1.22175
1.6125 1.49146 -1.2077
1.6375 1.49724 -1.19263
1.6625 1.50331 -1.17656
1.6875 1.50962 -1.15949
1.7125 1.51609 -1.14137
1.7375 1.52261 -1.12211
1.7625 1.52911 -1.10159
1.7875 1.53546 -1.07969
1.8125 1.54158 -1.05627
1.8375 1.54738 -1.03124
1.8625 1.55279 -1.00452
1.8875 1.55778 -0.976095
1.9125 1.56231 -0.946007
1.9375 1.5664 -0.914324
1.9625 1.57005 -0.88115
1.9875 1.5733 -0.846607
2.0125 1.57617 -0.810827
2.0375 1.57871 -0.773942
2.0625 1.58094 -0.736079
2.0875 1.5829 -0.697358
2.1125 1.58463 -0.657886
2.1375 1.58614 -0.617763
2.1625 1.58747 -0.577074
2.1875 1.58863 -0.535896
2.2125 1.58964 -0.494296
2.2375 1.59053 -0.452335
2.2625 1.5913 -0.410063
2.2875 1.59196 -0.367526
2.3125 1.59253 -0.324764
2.3375 1.59302 -0.281814
2.3625 1.59342 -0.238707
2.3875 1.59375 -0.195472
2.4125 1.59401 -0.152135
2.4375 1.5942 -0.108722
2.4625 1.59432 -0.0652543
2.4875 1.59439 -0.021755
2.5125 1.59439 0.021755
2.5375 1.59432 0.0652543
2.5625 1.5942 0.108722
2.5875 1.59401 0.152135
2.6125 1.59375 0.195472
2.6375 1.59342 0.238707
2.6625 1.59302 0.281814
2.6875 1.59253 0.324764
2.7125 1.59196 0.367526
2.7375 1.5913 0.410063
2.7625 1.59053 0.452335
2.7875 1.58964 0.494296
2.8125 1.58863 0.535896
2.8375 1.58747 0.577074
2.8625 1.58614 0.617763
2.8875 1.58463 0.657886
2.9125 1.5829 0.697358
2.9375 1.58094 0.736079
2.9625 1.57871 0.773942
2.9875 1.57617 0.810827
3.0125 1.5733 0.846607
3.0375 1.57005 0.88115
3.0625 1.5664 0.914324
3.0875 1.56231 0.946007
3.1125 1.55778 0.976095
3.1375 1.55279 1.00452
3.1625 1.54738 1.03124
3.1875 1.54158 1.05627
3.2125 1.53546 1.07969
3.2375 1.52911 1.10159
3.2625 1.52261 1.12211
3.2875 1.51609 1.14137
3.3125 1.50962 1.15949
3.3375 1.50331 1.17656
3.3625 1.49724 1.19263
3.3875 1.49146 1.2077
3.4125 1.48604 1.22175
3.4375 1.48101 1.23473
3.4625 1.4764 1.2466
3.4875 1.47225 1.25731
3.5125 1.46857 1.26682
3.5375 1.46536 1.27512
3.5625 1.46262 1.28221
3.5875 1.46033 1.28813
3.6125 1.45847 1.29295
3.6375 1.457 1.29677
3.6625 1.45586 1.29971
3.6875 1.45502 1.30188
3.7125 1.45442 1.30344
3.7375 1.45401 1.3045
3.7625 1.45375 1.30519
3.7875 1.45358 1.30561
3.8125 1.45349 1.30584
3.8375 1.45345 1.30595
3.8625 1.45344 1.30598
3.8875 1.45344 1.30596
3.9125 1.45346 1.30592
3.9375 1.45347 1.30587
3.9625 1.45349 1.30581
3.9875 1.45351 1.30576
4.0125 1.45353 1.30571
4.0375 1.45355 1.30566
4.0625 1.45356 1.30562
4.0875 1.45357 1.30558
4.1125 1.45358 1.30555
4.1375 1.45359 1.30552
4.1625 1.4536 1.30549
4.1875 1.45361 1.30547
4.2125 1.45362 1.30544
4.2375 1.45362 1.30542
4.2625 1.45363 1.3054
4.2875 1.45363 1.30539
4.3125 1.45364 1.30537
4.3375 1.45364 1.30536
4.3625 1.45364 1.30534
4.3875 1.45365 1.30533
4.4125 1.45365 1.30532
4.4375 1.45365 1.30531
4.4625 1.45365 1.3053
4.4875 1.45365 1.30529
4.5125 1.45366 1.30528
4.5375 1.45366 1.30527
4.5625 1.45366 1.30526
4.5875 1.45366 1.30526
4.6125 1.45366 1.30525
4.6375 1.45366 1.30524
4.6625 1.45366 1.30524
4.6875 1.45366 1.30523
4.7125 1.45366 1.30523
4.7375 1.45366 1.30522
4.7625 1.45366 1.30522
4.7875 1.45366 1.30521
4.8125 1.45365 1.30521
4.8375 1.45365 1.3052
4.8625 1.45365 1.3052
4.8875 1.45365 1.30519
4.9125 1.45365 1.30519
4.9375 1.45365 1.30518
4.9625 1.45365 1.30518
4.9875 1.45365 1.30518
5.0125 1.45365 1.30517
5.0375 1.45364 1.30517
5.0625 1.45364 1.30516
5.0875 1.45364 1.30516
5.1125 1.45364 1.30516
5.1375 1.45364 1.30515
5.1625 1.45364 1.30515
5.1875 1.45364 1.30514
5.2125 1.45363 1.30514
5.2375 1.45363 1.30514
5.2625 1.45363 1.30513
5.2875 1.45363 1.30513
5.3125 1.45363 1.30512
5.3375 1.45363 1.30512
5.3625 1.45362 1.30512
5.3875 1.45362 1.30511
5.4125 1.45362 1.30511
5.4375 1.45362 1.3051
5.4625 1.45362 1.3051
5.4875 1.45361 1.30509
5.5125 1.45361 1.30509
5.5375 1.45361 1.30509
5.5625 1.45361 1.30508
5.5875 1.4536 1.30508
5.6125 1.4536 1.30507
5.6375 1.4536 1.30507
5.6625 1.4536 1.30506
5.6875 1.4536 1.30506
5.7125 1.45359 1.30505
5.7375 1.45359 1.30505
5.7625 1.45359 1.30504
5.7875 1.45359 1.30504
5.8125 1.45358 1.30503
5.8375 1.45358 1.30502
5.8625 1.45358 1.30502
5.8875 1.45358 1.30501
5.9125 1.45357 1.30501
5.9375 1.45357 1.305
5.9625 1.45357 1.30499
5.9875 1.45357 1.30499
6.0125 1.45356 1.30498
6.0375 1.45356 1.30498
6.0625 1.45356 1.30497
6.0875 1.45355 1.30496
6.1125 1.45355 1.30495
6.1375 1.45355 1.30495
6.1625 1.45354 1.30494
6.1875 1.45354 1.30493
6.2125 1.45354 1.30492
6.2375 1.45353 1.30492
6.2625 1.45353 1.30491
6.2875 1.45353 1.3049
6.3125 1.45352 1.30489
6.3375 1.45352 1.30488
6.3625 1.45352 1.30488
6.3875 1.45351 1.30487
6.4125 1.45351 1.30486
6.4375 1.45351 1.30485
6.4625 1.4535 1.30484
6.4875 1.4535 1.30483
6.5125 1.45349 1.30482
6.5375 1.45349 1.30481
6.5625 1.45348 1.3048
6.5875 1.45348 1.30479
6.6125 1.45348 1.30477
6.6375 1.45347 1.30476
6.6625 1.45347 1.30475
6.6875 1.45346 1.30474
6.7125 1.45346 1.30473
6.7375 1.45345 1.30471
6.7625 1.45345 1.3047
6.7875 1.45344 1.30469
6.8125 1.45343 1.30467
6.8375 1.45343 1.30466
6.8625 1.45342 1.30464
6.8875 1.45342 1.30463
6.9125 1.45341 1.30461
6.9375 1.4534 1.3046
6.9625 1.4534 1.30458
6.9875 1.45339 1.30456
7.0125 1.45338 1.30454
7.0375 1.45338 1.30453
7.0625 1.45337 1.3045
7.0875 1.45336 1.30448
7.1125 1.45338 1.3044
7.1375 1.45351 1.30401
7.1625 1.45438 1.3017
7.1875 1.45943 1.28853
7.2125 1.48433 1.22363
7.2375 1.57047 1.00112
7.2625 1.72782 0.611594
7.2875 1.8719 0.272757
7.3125 1.95175 0.09162
7.3375 1.98183 0.0241403
7.3625 1.99007 0.00577447
7.3875 1.99182 0.00172816
7.4125 1.99214 0.000828796
7.4375 1.99223 0.000535112
7.4625 1.99223 0.000300183
7.4875 1.99225 0.000103349
7.5125 1.99225 -0.000103349
7.5375 1.99223 -0.000300183
7.5625 1.99223 -0.000535112
7.5875 1.99214 -0.000828796
7.6125 1.99182 -0.00172816
7.6375 1.99007 -0.00577447
7.6625 1.98183 -0.0241403
7.6875 1.95175 -0.09162
7.7125 1.8719 -0.272757
7.7375 1.72782 -0.611594
7.7625 1.57047 -1.00112
7.7875 1.48433 -1.22363
7.8125 1.45943 -1.28853
7.8375 1.45438 -1.3017
7.8625 1.45351 -1.30401
7.8875 1.45338 -1.3044
7.9125 1.45336 -1.30448
7.9375 1.45337 -1.3045
7.9625 1.45338 -1.30453
7.9875 1.45338 -1.30454
8.0125 1.45339 -1.30456
8.0375 1.4534 -1.30458
8.0625 1.4534 -1.3046
8.0875 1.45341 -1.30461
8.1125 1.45342 -1.30463
8.1375 1.45342 -1.30464
8.1625 1.45343 -1.30466
8.1875 1.45343 -1.30467
8.2125 1.45344 -1.30469
8.2375 1.45345 -1.3047
8.2625 1.45345 -1.30471
8.2875 1.45346 -1.30473
8.3125 1.45346 -1.30474
8.3375 1.45347 -1.30475
8.3625 1.45347 -1.30476
8.3875 1.45348 -1.30477
8.4125 1.45348 -1.30479
8.4375 1.45348 -1.3048
8.4625 1.45349 -1.30481
8.4875 1.45349 -1.30482
8.5125 1.4535 -1.30483
8.5375 1.4535 -1.30484
8.5625 1.45351 -1.30485
8.5875 1.45351 -1.30486
8.6125 1.45351 -1.30487
8.6375 1.45352 -1.30488
8.6625 1.45352 -1.30488
8.6875 1.45352 -1.30489
8.7125 1.45353 -1.3049
8.7375 1.45353 -1.30491
8.7625 1.45353 -1.30492
8.7875 1.45354 -1.30492
8.8125 1.45354 -1.30493
8.8375 1.45354 -1.30494
8.8625 1.45355 -1.30495
8.8875 1.45355 -1.30495
8.9125 1.45355 -1.30496
8.9375 1.45356 -1.30497
8.9625 1.45356 -1.30498
8.9875 1.45356 -1.30498
9.0125 1.45357 -1.30499
9.0375 1.45357 -1.30499
9.0625 1.45357 -1.305
9.0875 1.45357 -1.30501
9.1125 1.45358 -1.30501
9.1375 1.45358 -1.30502
9.1625 1.45358 -1.30502
9.1875 1.45358 -1.30503
9.2125 1.45359 -1.30504
9.2375 1.45359 -1.30504
9.2625 1.45359 -1.30505
9.2875 1.45359 -1.30505
9.3125 1.4536 -1.30506
9.3375 1.4536 -1.30506
9.3625 1.4536 -1.30507
9.3875 1.4536 -1.30507
9.4125 1.4536 -1.30508
9.4375 1.45361 -1.30508
9.4625 1.45361 -1.30509
9.4875 1.45361 -1.30509
9.5125 1.45361 -1.30509
9.5375 1.45362 -1.3051
9.5625 1.45362 -1.3051
9.5875 1.45362 -1.30511
9.6125 1.45362 -1.30511
9.6375 1.45362 -1.30512
9.6625 1.45363 -1.30512
9.6875 1.45363 -1.30512
9.7125 1.45363 -1.30513
9.7375 1.45363 -1.30513
9.7625 1.45363 -1.30514
9.7875 1.45363 -1.30514
9.8125 1.45364 -1.30514
9.8375 1.45364 -1.30515
9.8625 1.45364 -1.30515
9.8875 1.45364 -1.30516
9.9125 1.45364 -1.30516
9.9375 1.45364 -1.30516
9.9625 1.45364 -1.30517
9.9875 1.45365 -1.30517

# time=0.886663
0.0125 1.45369 -1.30531
0.0375 1.4537 -1.30531
0.0625 1.4537 -1.30531
0.0875 1.4537 -1.30531
0.1125 1.4537 -1.30531
0.1375 1.4537 -1.30532
0.1625 1.4537 -1.30532
0.1875 1.4537 -1.30532
0.2125 1.4537 -1.30532
0.2375 1.4537 -1.30532
0.2625 1.4537 -1.30532
0.2875 1.4537 -1.30533
0.3125 1.45371 -1.30533
0.3375 1.45371 -1.30533
0.3625 1.45371 -1.30533
0.3875 1.4537 -1.30532
0.4125 1.4537 -1.3053
0.4375 1.45368 -1.30527
0.4625 1.45365 -1.30519
0.4875 1.4536 -1.30505
0.5125 1.4535 -1.30479
0.5375 1.45333 -1.30434
0.5625 1.45305 -1.30363
0.5875 1.45263 -1.30253
0.6125 1.45201 -1.30094
0.6375 1.45116 -1.29871
0.6625 1.45002 -1.29574
0.6875 1.44855 -1.29193
0.7125 1.44673 -1.2872
0.7375 1.44455 -1.28151
0.7625 1.44199 -1.27486
0.7875 1.43908 -1.26727
0.8125 1.43583 -1.25879
0.8375 1.43227 -1.24946
0.8625 1.42841 -1.23936
0.8875 1.42429 -1.22857
0.9125 1.41993 -1.21714
0.9375 1.41537 -1.20515
0.9625 1.41063 -1.19265
0.9875 1.40572 -1.17971
1.0125 1.40067 -1.16639
1.0375 1.39551 -1.15271
1.0625 1.39023 -1.13873
1.0875 1.38487 -1.12449
1.1125 1.37942 -1.11
1.1375 1.37391 -1.09531
1.1625 1.36834 -1.08044
1.1875 1.36273 -1.06541
1.2125 1.35707 -1.05023
1.2375 1.35137 -1.03493
1.2625 1.34564 -1.01953
1.2875 1.33989 -1.00402
1.3125 1.33412 -0.98843
1.3375 1.32834 -0.972766
1.3625 1.32254 -0.957037
1.3875 1.31673 -0.941252
1.4125 1.31091 -0.925418
1.4375 1.30509 -0.909542
1.4625 1.29927 -0.893629
1.4875 1.29345 -0.877686
1.5125 1.28763 -0.861715
1.5375 1.28181 -0.845719
1.5625 1.276 -0.829702
1.5875 1.2702 -0.813661
1.6125 1.26442 -0.797594
1.6375 1.25865 -0.781494
1.6625 1.2529 -0.765351
1.6875 1.24719 -0.749148
1.7125 1.24152 -0.732862
1.7375 1.23591 -0.716464
1.7625 1.23036 -0.699916
1.7875 1.2249 -0.683172
1.8125 1.21954 -0.66618
1.8375 1.21431 -0.648881
1.8625 1.20923 -0.631213
1.8875 1.20433 -0.613112
1.9125 1.19962 -0.594517
1.9375 1.19512 -0.57537
1.9625 1.19086 -0.555624
1.9875 1.18684 -0.535238
2.0125 1.18308 -0.514186
2.0375 1.17957 -0.492453
2.0625 1.17633 -0.470036
2.0875 1.17336 -0.446943
2.1125 1.17063 -0.423194
2.1375 1.16816 -0.398815
2.1625 1.16592 -0.373841
2.1875 1.1639 -0.34831
2.2125 1.1621 -0.322266
2.2375 1.1605 -0.295752
2.2625 1.15909 -0.268813
2.2875 1.15785 -0.241496
2.3125 1.15678 -0.213844
2.3375 1.15587 -0.185901
2.3625 1.15511 -0.157711
2.3875 1.15448 -0.129313
2.4125 1.15399 -0.100748
2.4375 1.15362 -0.0720541
2.4625 1.15338 -0.0432688
2.4875 1.15326 -0.014429
2.5125 1.15326 0.014429
2.5375 1.15338 0.0432688
2.5625 1.15362 0.0720541
2.5875 1.15399 0.100748
2.6125 1.15448 0.129313
2.6375 1.15511 0.157711
2.6625 1.15587 0.185901
2.6875 1.15678 0.213844
2.7125 1.15785 0.241496
2.7375 1.15909 0.268813
2.7625 1.1605 0.295752
2.7875 1.1621 0.322266
2.8125 1.1639 0.34831
2.8375 1.16592 0.373841
2.8625 1.16816 0.398815
2.8875 1.17063 0.423194
2.9125 1.17336 0.446943
2.9375 1.17633 0.470036
2.9625 1.17957 0.492453
2.9875 1.18308 0.514186
3.0125 1.18684 0.535238
3.0375 1.19086 0.555624
3.0625 1.19512 0.57537
3.0875 1.19962 0.594517
3.1125 1.20433 0.613112
3.1375 1.20923 0.631213
3.1625 1.21431 0.648881
3.1875 1.21954 0.66618
3.2125 1.2249 0.683172
3.2375 1.23036 0.699916
3.2625 1.23591 0.716464
3.2875 1.24152 0.732862
3.3125 1.24719 0.749148
3.3375 1.2529 0.765351
3.3625 1.25865 0.781494
3.3875 1.26442 0.797594
3.4125 1.2702 0.813661
3.4375 1.276 0.829702
3.4625 1.28181 0.845719
3.4875 1.28763 0.861715
3.5125 1.29345 0.877686
3.5375 1.29927 0.893629
3.5625 1.30509 0.909542
3.5875 1.31091 0.925418
3.6125 1.31673 0.941252
3.6375 1.32254 0.957037
3.6625 1.32834 0.972766
3.6875 1.33412 0.98843
3.7125 1.33989 1.00402
3.7375 1.34564 1.01953
3.7625 1.35137 1.03493
3.7875 1.35707 1.05023
3.8125 1.36273 1.06541
3.8375 1.36834 1.08044
3.8625 1.37391 1.09531
3.8875 1.37942 1.11
3.9125 1.38487 1.12449
3.9375 1.39023 1.13873
3.9625 1.39551 1.15271
3.9875 1.40067 1.16639
4.0125 1.40572 1.17971
4.0375 1.41063 1.19265
4.0625 1.41537 1.20515
4.0875 1.41993 1.21714
4.1125 1.42429 1.22857
4.1375 1.42841 1.23936
4.1625 1.43227 1.24946
4.1875 1.43583 1.25879
4.2125 1.43908 1.26727
4.2375 1.44199 1.27486
4.2625 1.44455 1.28151
4.2875 1.44673 1.2872
4.3125 1.44855 1.29193
4.3375 1.45002 1.29574
4.3625 1.45116 1.29871
4.3875 1.45201 1.30094
4.4125 1.45263 1.30253
4.4375 1.45305 1.30363
4.4625 1.45333 1.30434
4.4875 1.4535 1.30479
4.5125 1.4536 1.30505
4.5375 1.45365 1.30519
4.5625 1.45368 1.30527
4.5875 1.4537 1.3053
4.6125 1.4537 1.30532
4.6375 1.45371 1.30533
4.6625 1.45371 1.30533
4.6875 1.45371 1.30533
4.7125 1.4537 1.30533
4.7375 1.4537 1.30532
4.7625 1.4537 1.30532
4.7875 1.4537 1.30532
4.8125 1.4537 1.30532
4.8375 1.4537 1.30532
4.8625 1.4537 1.30532
4.8875 1.4537 1.30531
4.9125 1.4537 1.30531
4.9375 1.4537 1.30531
4.9625 1.4537 1.30531
4.9875 1.45369 1.30531
5.0125 1.45369 1.30531
5.0375 1.45369 1.3053
5.0625 1.45369 1.3053
5.0875 1.45369 1.3053
5.1125 1.45369 1.3053
5.1375 1.45369 1.3053
5.1625 1.45369 1.30529
5.1875 1.45369 1.30529
5.2125 1.45369 1.30529
5.2375 1.45368 1.30529
5.2625 1.45368 1.30529
5.2875 1.45368 1.30529
5.3125 1.45368 1.30528
5.3375 1.45368 1.30528
5.3625 1.45368 1.30528
5.3875 1.45368 1.30528
5.4125 1.45368 1.30527
5.4375 1.45367 1.30527
5.4625 1.45367 1.30527
5.4875 1.45367 1.30527
5.5125 1.45367 1.30527
5.5375 1.45367 1.30526
5.5625 1.45367 1.30526
5.5875 1.45367 1.30526
5.6125 1.45367 1.30526
5.6375 1.45366 1.30525
5.6625 1.45366 1.30525
5.6875 1.45366 1.30525
5.7125 1.45366 1.30525
5.7375 1.45366 1.30524
5.7625 1.45366 1.30524
5.7875 1.45366 1.30524
5.8125 1.45366 1.30524
5.8375 1.45365 1.30523
5.8625 1.45365 1.30523
5.8875 1.45365 1.30523
5.9125 1.45365 1.30522
5.9375 1.45365 1.30522
5.9625 1.45365 1.30522
5.9875 1.45365 1.30521
6.0125 1.45364 1.30521
6.0375 1.45364 1.30521
6.0625 1.45364 1.30521
6.0875 1.45364 1.3052
6.1125 1.45364 1.3052
6.1375 1.45364 1.3052
6.1625 1.45364 1.30519
6.1875 1.45363 1.30519
6.2125 1.45363 1.30518
6.2375 1.45363 1.30518
6.2625 1.45363 1.30518
6.2875 1.45363 1.30516
6.3125 1.45365 1.30512
6.3375 1.45372 1.30492
6.3625 1.45408 1.30398
6.3875 1.45575 1.29962
6.4125 1.46338 1.27977
6.4375 1.4946 1.19856
6.4625 1.58733 0.960394
6.4875 1.74047 0.583589
6.5125 1.87594 0.266005
6.5375 1.9516 0.0945217
6.5625 1.98139 0.0278707
6.5875 1.99034 0.00799202
6.6125 1.99259 0.00299739
6.6375 1.99312 0.0017886
6.6625 1.99327 0.00148584
6.6875 1.99331 0.00134912
6.7125 1.99334 0.00127186
6.7375 1.99337 0.00120537
6.7625 1.99339 0.00113725
6.7875 1.99341 0.00108197
6.8125 1.99343 0.00102203
6.8375 1.99345 0.000968478
6.8625 1.99347 0.000917124
6.8875 1.99348 0.00086592
6.9125 1.9935 0.000819349
6.9375 1.99351 0.000772582
6.9625 1.99353 0.000728475
6.9875 1.99354 0.000685949
7.0125 1.99355 0.000644259
7.0375 1.99356 0.000604623
7.0625 1.99357 0.000565649
7.0875 1.99358 0.000528033
7.1125 1.99359 0.000491463
7.1375 1.99359 0.00045565
7.1625 1.9936 0.000420891
7.1875 1.99361 0.000386759
7.2125 1.99361 0.000353388
7.2375 1.99362 0.000320661
7.2625 1.99362 0.000288448
7.2875 1.99363 0.000256795
7.3125 1.99363 0.000225548
7.3375 1.99363 0.000194703
7.3625 1.99364 0.000164197
7.3875 1.99364 0.000133955
7.4125 1.99364 0.000103959
7.4375 1.99364 7.41277e-05
7.4625 1.99364 4.44253e-05
7.4875 1.99364 1.48029e-05
7.5125 1.99364 -1.48029e-05
7.5375 1.99364 -4.44253e-05
7.5625 1.99364 -7.41277e-05
7.5875 1.99364 -0.000103959
7.6125 1.99364 -0.000133955
7.6375 1.99364 -0.000164197
7.6625 1.99363 -0.000194703
7.6875 1.99363 -0.000225548
7.7125 1.99363 -0.000256795
7.7375 1.99362 -0.000288448
7.7625 1.99362 -0.000320661
7.7875 1.99361 -0.000353388
7.8125 1.99361 -0.000386759
7.8375 1.9936 -0.000420891
7.8625 1.99359 -0.00045565
7.8875 1.99359 -0.000491463
7.9125 1.99358 -0.000528033
7.9375 1.99357 -0.000565649
7.9625 1.99356 -0.000604623
7.9875 1.99355 -0.000644259
8.0125 1.99354 -0.000685949
8.0375 1.99353 -0.000728475
8.0625 1.99351 -0.000772582
8.0875 1.9935 -0.000819349
8.1125 1.99348 -0.00086592
8.1375 1.99347 -0.000917124
8.1625 1.99345 -0.000968478
8.1875 1.99343 -0.00102203
8.2125 1.99341 -0.00108197
8.2375 1.99339 -0.00113725
8.2625 1.99337 -0.00120537
8.2875 1.99334 -0.00127186
8.3125 1.99331 -0.00134912
8.3375 1.99327 -0.00148584
8.3625 1.99312 -0.0017886
8.3875 1.99259 -0.00299739
8.4125 1.99034 -0.00799202
8.4375 1.98139 -0.0278707
8.4625 1.9516 -0.0945217
8.4875 1.87594 -0.266005
8.5125 1.74047 -0.583589
8.5375 1.58733 -0.960394
8.5625 1.4946 -1.19856
8.5875 1.46338 -1.27977
8.6125 1.45575 -1.29962
8.6375 1.45408 -1.30398
8.6625 1.45372 -1.30492
8.6875 1.45365 -1.30512
8.7125 1.45363 -1.30516
8.7375 1.45363 -1.30518
8.7625 1.45363 -1.30518
8.7875 1.45363 -1.30518
8.8125 1.45363 -1.30519
8.8375 1.45364 -1.30519
8.8625 1.45364 -1.3052
8.8875 1.45364 -1.3052
8.9125 1.45364 -1.3052
8.9375 1.45364 -1.30521
8.9625 1.45364 -1.30521
8.9875 1.45364 -1.30521
9.0125 1.45365 -1.30521
9.0375 1.45365 -1.30522
9.0625 1.45365 -1.30522
9.0875 1.45365 -1.30522
9.1125 1.45365 -1.30523
9.1375 1.45365 -1.30523
9.1625 1.45365 -1.30523
9.1875 1.45366 -1.30524
9.2125 1.45366 -1.30524
9.2375 1.45366 -1.30524
9.2625 1.45366 -1.30524
9.2875 1.45366 -1.30525
9.3125 1.45366 -1.30525
9.3375 1.45366 -1.30525
9.3625 1.45366 -1.30525
9.3875 1.45367 -1.30526
9.4125 1.45367 -1.30526
9.4375 1.45367 -1.30526
9.4625 1.45367 -1.30526
9.4875 1.45367 -1.30527
9.5125 1.45367 -1.30527
9.5375 1.45367 -1.30527
9.5625 1.45367 -1.30527
9.5875 1.45368 -1.30527
9.6125 1.45368 -1.30528
9.6375 1.45368 -1.30528
9.6625 1.45368 -1.30528
9.6875 1.45368 -1.30528
9.7125 1.45368 -1.30529
9.7375 1.45368 -1.30529
9.7625 1.45368 -1.30529
9.7875 1.45369 -1.30529
9.8125 1.45369 -1.30529
9.8375 1.45369 -1.30529
9.8625 1.45369 -1.3053
9.8875 1.45369 -1.3053
9.9125 1.45369 -1.3053
9.9375 1.45369 -1.3053
9.9625 1.45369 -1.3053
9.9875 1.45369 -1.30531

# time=1
0.0125 1.45239 -1.30192
0.0375 1.45172 -1.30018
0.0625 1.45082 -1.29785
0.0875 1.44966 -1.29482
0.1125 1.4482 -1.29104
0.1375 1.44644 -1.28644
0.1625 1.44435 -1.28101
0.1875 1.44196 -1.27476
0.2125 1.43925 -1.26771
0.2375 1.43626 -1.2599
0.2625 1.433 -1.25137
0.2875 1.4295 -1.2422
0.3125 1.42577 -1.23244
0.3375 1.42185 -1.22214
0.3625 1.41775 -1.21136
0.3875 1.41349 -1.20015
0.4125 1.4091 -1.18857
0.4375 1.40458 -1.17664
0.4625 1.39996 -1.16442
0.4875 1.39524 -1.15193
0.5125 1.39045 -1.13921
0.5375 1.38558 -1.12627
0.5625 1.38065 -1.11316
0.5875 1.37567 -1.09987
0.6125 1.37065 -1.08644
0.6375 1.36558 -1.07289
0.6625 1.36049 -1.05921
0.6875 1.35536 -1.04544
0.7125 1.35021 -1.03157
0.7375 1.34504 -1.01762
0.7625 1.33985 -1.0036
0.7875 1.33464 -0.989511
0.8125 1.32943 -0.975367
0.8375 1.32421 -0.961171
0.8625 1.31898 -0.94693
0.8875 1.31374 -0.932649
0.9125 1.30851 -0.918332
0.9375 1.30327 -0.903984
0.9625 1.29803 -0.889609
0.9875 1.2928 -0.875209
1.0125 1.28756 -0.860789
1.0375 1.28233 -0.84635
1.0625 1.27711 -0.831897
1.0875 1.27189 -0.817432
1.1125 1.26668 -0.802956
1.1375 1.26148 -0.788473
1.1625 1.25628 -0.773984
1.1875 1.2511 -0.759492
1.2125 1.24592 -0.744998
1.2375 1.24076 -0.730504
1.2625 1.2356 -0.716012
1.2875 1.23046 -0.701524
1.3125 1.22533 -0.687042
1.3375 1.22021 -0.672567
1.3625 1.21511 -0.6581
1.3875 1.21002 -0.643645
1.4125 1.20495 -0.629201
1.4375 1.19989 -0.614772
1.4625 1.19484 -0.600359
1.4875 1.18981 -0.585963
1.5125 1.1848 -0.571587
1.5375 1.17981 -0.557233
1.5625 1.17483 -0.542903
1.5875 1.16987 -0.528598
1.6125 1.16493 -0.514322
1.6375 1.16001 -0.500076
1.6625 1.15511 -0.485864
1.6875 1.15024 -0.471688
1.7125 1.14538 -0.45755
1.7375 1.14055 -0.443454
1.7625 1.13574 -0.429403
1.7875 1.13096 -0.4154
1.8125 1.1262 -0.401446
1.8375 1.12148 -0.387546
1.8625 1.11678 -0.373699
1.8875 1.11212 -0.359907
1.9125 1.1075 -0.346169
1.9375 1.10292 -0.332482
1.9625 1.09839 -0.318841
1.9875 1.09391 -0.305237
2.0125 1.0895 -0.291657
2.0375 1.08516 -0.278086
2.0625 1.08091 -0.264502
2.0875 1.07677 -0.250882
2.1125 1.07273 -0.237195
2.1375 1.06884 -0.223411
2.1625 1.0651 -0.209495
2.1875 1.06153 -0.195415
2.2125 1.05815 -0.181137
2.2375 1.05499 -0.166635
2.2625 1.05206 -0.151884
2.2875 1.04938 -0.13687
2.3125 1.04696 -0.121585
2.3375 1.04481 -0.106031
2.3625 1.04296 -0.0902196
2.3875 1.0414 -0.0741726
2.4125 1.04014 -0.0579193
2.4375 1.0392 -0.0414971
2.4625 1.03857 -0.0249497
2.4875 1.03825 -0.00832524
2.5125 1.03825 0.00832524
2.5375 1.03857 0.0249497
2.5625 1.0392 0.0414971
2.5875 1.04014 0.0579193
2.6125 1.0414 0.0741726
2.6375 1.04296 0.0902196
2.6625 1.04481 0.106031
2.6875 1.04696 0.121585
2.7125 1.04938 0.13687
2.7375 1.05206 0.151884
2.7625 1.05499 0.166635
2.7875 1.05815 0.181137
2.8125 1.06153 0.195415
2.8375 1.0651 0.209495
2.8625 1.06884 0.223411
2.8875 1.07273 0.237195
2.9125 1.07677 0.250882
2.9375 1.08091 0.264502
2.9625 1.08516 0.278086
2.9875 1.0895 0.291657
3.0125 1.09391 0.305237
3.0375 1.09839 0.318841
3.0625 1.10292 0.332482
3.0875 1.1075 0.346169
3.1125 1.11212 0.359907
3.1375 1.11678 0.373699
3.1625 1.12148 0.387546
3.1875 1.1262 0.401446
3.2125 1.13096 0.4154
3.2375 1.13574 0.429403
3.2625 1.14055 0.443454
3.2875 1.14538 0.45755
3.3125 1.15024 0.471688
3.3375 1.15511 0.485864
3.3625 1.16001 0.500076
3.3875 1.16493 0.514322
3.4125 1.16987 0.528598
3.4375 1.17483 0.542903
3.4625 1.17981 0.557233
3.4875 1.1848 0.571587
3.5125 1.18981 0.585963
3.5375 1.19484 0.600359
3.5625 1.19989 0.614772
3.5875 1.20495 0.629201
3.6125 1.21002 0.643645
3.6375 1.21511 0.6581
3.6625 1.22021 0.672567
3.6875 1.22533 0.687042
3.7125 1.23046 0.701524
3.7375 1.2356 0.716012
3.7625 1.24076 0.730504
3.7875 1.24592 0.744998
3.8125 1.2511 0.759492
3.8375 1.25628 0.773984
3.8625 1.26148 0.788473
3.8875 1.26668 0.802956
3.9125 1.27189 0.817432
3.9375 1.27711 0.831897
3.9625 1.28233 0.84635
3.9875 1.28756 0.860789
4.0125 1.2928 0.875209
4.0375 1.29803 0.889609
4.0625 1.30327 0.903984
4.0875 1.30851 0.918332
4.1125 1.31374 0.932649
4.1375 1.31898 0.94693
4.1625 1.32421 0.961171
4.1875 1.32943 0.975367
4.2125 1.33464 0.989511
4.2375 1.33985 1.0036
4.2625 1.34504 1.01762
4.2875 1.35021 1.03157
4.3125 1.35536 1.04544
4.3375 1.36049 1.05921
4.3625 1.36558 1.07289
4.3875 1.37065 1.08644
4.4125 1.37567 1.09987
4.4375 1.38065 1.11316
4.4625 1.38558 1.12627
4.4875 1.39045 1.13921
4.5125 1.39524 1.15193
4.5375 1.39996 1.16442
4.5625 1.40458 1.17664
4.5875 1.4091 1.18857
4.6125 1.41349 1.20015
4.6375 1.41775 1.21136
4.6625 1.42185 1.22214
4.6875 1.42577 1.23244
4.7125 1.4295 1.2422
4.7375 1.433 1.25137
4.7625 1.43626 1.2599
4.7875 1.43925 1.26771
4.8125 1.44196 1.27476
4.8375 1.44435 1.28101
4.8625 1.44644 1.28644
4.8875 1.4482 1.29104
4.9125 1.44966 1.29482
4.9375 1.45082 1.29785
4.9625 1.45172 1.30018
4.9875 1.45239 1.30192
5.0125 1.45286 1.30316
5.0375 1.45319 1.30401
5.0625 1.4534 1.30456
5.0875 1.45354 1.30491
5.1125 1.45361 1.30511
5.1375 1.45366 1.30523
5.1625 1.45368 1.30529
5.1875 1.45369 1.30532
5.2125 1.4537 1.30533
5.2375 1.4537 1.30534
5.2625 1.4537 1.30534
5.2875 1.4537 1.30534
5.3125 1.4537 1.30534
5.3375 1.4537 1.30534
5.3625 1.4537 1.30534
5.3875 1.4537 1.30533
5.4125 1.45369 1.30533
5.4375 1.45369 1.30533
5.4625 1.45369 1.30533
5.4875 1.45369 1.30533
5.5125 1.45369 1.30533
5.5375 1.45369 1.30532
5.5625 1.45369 1.30532
5.5875 1.45369 1.30532
5.6125 1.45369 1.30532
5.6375 1.45369 1.30532
5.6625 1.45368 1.30532
5.6875 1.45368 1.30531
5.7125 1.45368 1.30531
5.7375 1.45368 1.30531
5.7625 1.45368 1.30531
5.7875 1.45368 1.30531
5.8125 1.45368 1.3053
5.8375 1.45368 1.3053
5.8625 1.45368 1.3053
5.8875 1.45368 1.30529
5.9125 1.45369 1.30524
5.9375 1.45377 1.30504
5.9625 1.45412 1.30413
5.9875 1.45575 1.29989
6.0125 1.4631 1.28076
6.0375 1.49274 1.20335
6.0625 1.57952 0.978909
6.0875 1.72588 0.61658
6.1125 1.86333 0.294214
6.1375 1.9449 0.109582
6.1625 1.97899 0.0334853
6.1875 1.98979 0.00952219
6.2125 1.9926 0.00328155
6.2375 1.99326 0.00178702
6.2625 1.99343 0.00141838
6.2875 1.99349 0.00128777
6.3125 1.99351 0.00122154
6.3375 1.99354 0.00116706
6.3625 1.99355 0.00111629
6.3875 1.99357 0.00107161
6.4125 1.99359 0.00102602
6.4375 1.99361 0.000984486
6.4625 1.99362 0.00094419
6.4875 1.99363 0.000905183
6.5125 1.99365 0.000868692
6.5375 1.99366 0.000832819
6.5625 1.99367 0.00079887
6.5875 1.99368 0.000766074
6.6125 1.99369 0.000734345
6.6375 1.9937 0.000704004
6.6625 1.99371 0.000674478
6.6875 1.99372 0.000646078
6.7125 1.99373 0.000618568
6.7375 1.99374 0.000591876
6.7625 1.99375 0.000566064
6.7875 1.99375 0.000540943
6.8125 1.99376 0.000516569
6.8375 1.99377 0.000492852
6.8625 1.99377 0.000469745
6.8875 1.99378 0.000447244
6.9125 1.99379 0.000425273
6.9375 1.99379 0.000403825
6.9625 1.9938 0.000382856
6.9875 1.9938 0.000362333
7.0125 1.9938 0.000342235
7.0375 1.99381 0.000322522
7.0625 1.99381 0.000303176
7.0875 1.99382 0.000284167
7.1125 1.99382 0.00026547
7.1375 1.99382 0.000247063
7.1625 1.99383 0.000228922
7.1875 1.99383 0.000211025
7.2125 1.99383 0.000193351
7.2375 1.99383 0.00017588
7.2625 1.99383 0.000158592
7.2875 1.99384 0.000141468
7.3125 1.99384 0.000124489
7.3375 1.99384 0.000107637
7.3625 1.99384 9.0894e-05
7.3875 1.99384 7.42434e-05
7.4125 1.99384 5.76676e-05
7.4375 1.99384 4.11499e-05
7.4625 1.99384 2.46735e-05
7.4875 1.99384 8.22172e-06
7.5125 1.99384 -8.22172e-06
7.5375 1.99384 -2.46735e-05
7.5625 1.99384 -4.11499e-05
7.5875 1.99384 -5.76676e-05
7.6125 1.99384 -7.42434e-05
7.6375 1.99384 -9.0894e-05
7.6625 1.99384 -0.000107637
7.6875 1.99384 -0.000124489
7.7125 1.99384 -0.000141468
7.7375 1.99383 -0.000158592
7.7625 1.99383 -0.00017588
7.7875 1.99383 -0.000193351
7.8125 1.99383 -0.000211025
7.8375 1.99383 -0.000228922
7.8625 1.99382 -0.000247063
7.8875 1.99382 -0.00026547
7.9125 1.99382 -0.000284167
7.9375 1.99381 -0.000303176
7.9625 1.99381 -0.000322522
7.9875 1.9938 -0.000342235
8.0125 1.9938 -0.000362333
8.0375 1.9938 -0.000382856
8.0625 1.99379 -0.000403825
8.0875 1.99379 -0.000425273
8.1125 1.99378 -0.000447244
8.1375 1.99377 -0.000469745
8.1625 1.99377 -0.000492852
8.1875 1.99376 -0.000516569
8.2125 1.99375 -0.000540943
8.2375 1.99375 -0.000566064
8.2625 1.99374 -0.000591876
8.2875 1.99373 -0.000618568
8.3125 1.99372 -0.000646078
8.3375 1.99371 -0.000674478
8.3625 1.9937 -0.000704004
8.3875 1.99369 -0.000734345
8.4125 1.99368 -0.000766074
8.4375 1.99367 -0.00079887
8.4625 1.99366 -0.000832819
8.4875 1.99365 -0.000868692
8.5125 1.99363 -0.000905183
8.5375 1.99362 -0.00094419
8.5625 1.99361 -0.000984486
8.5875 1.99359 -0.00102602
8.6125 1.99357 -0.00107161
8.6375 1.99355 -0.00111629
8.6625 1.99354 -0.00116706
8.6875 1.99351 -0.00122154
8.7125 1.99349 -0.00128777
8.7375 1.99343 -0.00141838
8.7625 1.99326 -0.00178702
8.7875 1.9926 -0.00328155
8.8125 1.98979 -0.00952219
8.8375 1.97899 -0.0334853
8.8625 1.9449 -0.109582
8.8875 1.86333 -0.294214
8.9125 1.72588 -0.61658
8.9375 1.57952 -0.978909
8.9625 1.49274 -1.20335
8.9875 1.4631 -1.28076
9.0125 1.45575 -1.29989
9.0375 1.45412 -1.30413
9.0625 1.45377 -1.30504
9.0875 1.45369 -1.30524
9.1125 1.45368 -1.30529
9.1375 1.45368 -1.3053
9.1625 1.45368 -1.3053
9.1875 1.45368 -1.3053
9.2125 1.45368 -1.30531
9.2375 1.45368 -1.30531
9.2625 1.45368 -1.30531
9.2875 1.45368 -1.30531
9.3125 1.45368 -1.30531
9.3375 1.45368 -1.30532
9.3625 1.45369 -1.30532
9.3875 1.45369 -1.30532
9.4125 1.45369 -1.30532
9.4375 1.45369 -1.30532
9.4625 1.45369 -1.30532
9.4875 1.45369 -1.30533
9.5125 1.45369 -1.30533
9.5375 1.45369 -1.30533
9.5625 1.45369 -1.30533
9.5875 1.45369 -1.30533
9.6125 1.4537 -1.30533
9.6375 1.4537 -1.30534
9.6625 1.4537 -1.30534
9.6875 1.4537 -1.30534
9.7125 1.4537 -1.30534
9.7375 1.4537 -1.30534
9.7625 1.4537 -1.30534
9.7875 1.4537 -1.30533
9.8125 1.45369 -1.30532
9.8375 1.45368 -1.30529
9.8625 1.45366 -1.30523
9.8875 1.45361 -1.30511
9.9125 1.45354 -1.30491
9.9375 1.4534 -1.30456
9.9625 1.45319 -1.30401
9.9875 1.45286 -1.30316

